1862
778
31329
26081
23946
39989
25022
15510
16210
4458
30144
37138
5823
21391
22297
32526
1834
37419
4905
4289
38489
22767
32317
39981
7315
1667
12706
17489
419
10292
27921
26159
17902
109
13269
31647
34964
37585
18787
39727
10540
17309
39996
10079
5379
8081
5602
6511
15946
20677
39776
22717
7732
31052
5015
28143
37409
2162
16137
4201
38265
36594
536
22187
27247
20712
2773
35496
40688
38952
32596
27564
41484
10934
1567
3137
1026
15884
10065
3355
17338
35465
23436
11380
19327
16183
6313
6450
11341
27873
4495
41240
39930
34628
13544
40372
6471
17508
10076
30134
29621
25514
6299
12226
32743
4808
1753
1009
32010
21154
5348
3431
32624
12076
26410
2939
15873
12112
18604
29302
8834
19869
5609
7138
39766
27678
35725
8504
2044
33440
24500
1152
27795
30434
15100
33197
1454
30521
13284
20885
29484
12956
8775
18161
35488
5887
31297
22088
21591
33549
21089
13909
9005
6541
28722
12470
27020
8020
12428
35803
25171
8519
28534
21478
15537
16992
9059
4266
15186
1693
2584
32656
20305
10991
41372
18405
19052
17039
15180
32149
24757
5118
41123
20603
33656
7985
37422
5014
39508
14809
37928
26596
6923
13139
36446
34740
36873
36933
10652
22629
35151
24602
10390
1350
37466
10922
39479
2052
20600
11303
16490
40514
17545
32453
28760
5589
1779
739
636
12709
23949
8597
1171
39075
37580
19567
40502
16478
11074
25273
18414
17096
3056
9454
19314
31689
35968
24234
4343
4070
3682
10259
36324
34152
7991
34982
35306
35565
32841
8507
7447
25140
16125
30288
37852
23000
17106
35550
13556
6176
14302
19435
11687
11148
37250
26369
34168
4864
22894
3649
596
13613
40726
25181
31764
6948
2211
1720
25959
6656
15924
1916
31708
26000
38249
7025
17757
23624
21006
21617
38103
17980
20365
41334
35194
23700
29902
11739
26032
25788
20019
26606
33644
21962
40434
21412
32077
38438
40569
15150
20253
4866
24277
31013
22331
32489
13908
24362
1519
34957
29931
8810
16409
37016
7880
25023
16963
41152
19189
15594
15442
5469
18379
30901
17242
27261
18113
32961
30737
29170
4277
1442
32879
15869
28031
24971
1231
1039
29519
35227
6061
41159
10600
38353
33255
16572
21369
35427
8744
19957
40844
37990
32703
617
31237
7040
224
20950
17214
10472
4474
17858
1338
34407
9012
19042
39724
31542
36239
39430
8042
2092
4934
3632
15139
28724
9410
19125
37957
15662
25805
28885
20281
41004
32511
23370
20731
1023
3295
6586
33601
22396
14414
13285
24340
24132
29512
17622
38945
15635
28735
2741
24019
27883
32915
12160
21314
10150
31685
1277
29112
38597
28489
15672
19806
13333
22862
4698
4411
39693
3425
23429
13094
4644
13584
24599
17901
36582
11564
5997
24996
8749
32984
7814
34862
4431
12533
41477
22635
26376
36049
19254
22259
13294
8601
34676
3292
15315
11692
15364
4293
6429
13413
21397
1886
10591
27859
2893
19056
11559
23853
37840
30577
35962
5254
23669
32544
40318
20991
33859
22675
1841
7053
25824
11239
39038
21503
39397
4751
29004
863
1809
299
6809
5317
13952
27392
9259
33376
12494
4735
13488
1600
14176
30081
40210
19452
22640
22941
36248
38177
33029
30011
37120
4403
28205
1984
21532
14901
27584
37205
29514
9246
5368
38342
15333
24353
22533
4657
3091
4373
32087
41369
21417
1044
20039
33949
21578
15374
32566
16769
26519
2650
40712
28599
11311
7621
28376
37718
28520
34415
223
11018
1074
11409
34137
178
40655
24925
27428
27627
19703
38266
32491
31107
14059
29910
26236
7666
19659
29870
17762
20217
15119
29750
26332
40394
16370
34743
3049
18097
1944
11369
40119
6755
14372
26399
26777
2710
22922
26613
3385
7527
9302
27034
27030
9071
5565
3185
35785
22192
22611
26126
26452
27155
38897
38094
21979
36476
4358
32396
15231
5472
24223
37160
10456
20822
23086
16379
27489
40950
23372
25382
4338
13291
8822
10008
27723
15811
38992
3640
34528
16878
23460
21541
13910
18802
23572
15470
26161
33655
10609
41298
7581
687
11633
25380
384
32204
38942
16140
29567
8547
32667
22651
35729
2373
10009
37860
17472
9485
34324
23784
17665
36427
23046
27454
26267
12674
15804
3484
12973
32083
1392
40450
39696
15773
31862
14772
2541
23791
20012
4034
41220
31304
31904
6710
25119
61
39084
28129
6089
39030
17782
28177
34301
40106
12062
36644
31446
33081
26620
19405
29409
33435
9380
27226
39624
6695
5541
25613
29064
31475
33200
1842
9770
36505
5628
17149
35414
33131
25078
32240
15080
37492
9188
33664
38541
20783
27756
6163
30514
14567
8640
39056
39744
29648
20774
25141
16512
1451
4101
24514
33144
36651
16321
2600
36181
6318
10555
34078
10863
4832
38614
15836
3634
31746
4136
33175
21688
32175
17588
41103
28784
9436
12497
23122
17069
34962
14536
1341
33051
22023
39819
6432
32462
27342
24732
9134
8395
36174
37433
9940
15482
4718
39885
34614
21216
4347
3631
24654
39577
41213
3491
18082
13655
15740
23988
19993
15831
2644
16555
3439
15111
41273
3982
19266
3416
18037
13782
31323
29540
8930
20102
32925
4721
32979
2809
38958
4666
2054
39386
2639
25372
2447
12439
529
37354
15772
12647
15155
12320
5702
20446
20601
13566
40759
27132
21686
18488
3134
31004
18227
21917
12613
6619
7144
31393
2758
16211
23321
37232
14868
14835
28204
12654
30418
5426
586
35621
10979
34592
14932
1977
31932
15844
14371
37889
29667
34093
26214
37522
23713
2445
20141
39262
30218
27613
26977
31564
10379
34624
2386
32050
8135
40798
36891
37873
12696
4521
5105
4085
24793
3128
10763
16399
9368
32850
9109
7122
35264
17924
37403
19136
5045
33453
371
22576
29297
32633
25107
3730
27945
7710
3907
39422
21736
29410
15262
41139
5942
19198
17169
2104
1783
21328
9801
20673
5377
16982
26637
20238
15259
809
21336
17425
40926
3247
18648
38136
18789
9803
33856
1426
27800
17998
28597
7475
35905
39553
33230
38921
10618
28688
8572
11346
18766
23986
2804
2499
5019
35763
15885
41268
38799
3753
7951
11360
5065
35734
34991
26174
38844
36175
33382
3845
13093
27643
33937
10644
25197
40557
18030
29362
40965
3453
30957
15301
38271
10803
24015
41364
16951
16757
20070
35072
23128
7161
14252
32194
7984
16387
34581
32370
34373
24573
29636
12279
13308
33470
7218
21248
17607
14465
3905
21550
38384
3624
21841
41216
10131
31262
11655
32342
29692
6834
20276
13805
2132
20214
11706
1634
229
948
11755
23357
33176
37638
19990
32810
19404
14527
38512
16270
34254
17202
3370
28547
17051
23222
1474
7502
4481
12083
22159
2115
30611
15851
31301
26495
7971
3890
29749
17440
23628
1624
21995
10552
22665
22978
38801
5792
28199
18486
14643
22411
39548
24875
22393
35464
729
31135
33832
38045
19325
35692
32900
2566
26153
6138
32239
13706
29595
18914
28598
16553
908
12103
24540
26793
21669
6515
16790
22644
11208
17877
34915
16831
31832
29459
39591
28201
15729
3836
19780
35337
5319
7152
29729
10550
15603
35112
33198
30515
1699
5520
6888
17265
7340
2717
2879
38036
35443
33282
38864
13982
676
33882
25652
3930
4630
36708
31661
36139
6413
23354
27433
15981
26952
11898
8329
18626
25299
3924
8323
19972
21477
15121
2505
38666
6269
1075
29995
4556
17225
28979
39181
39147
22754
18308
26801
19673
9214
32257
11859
11826
10411
34022
1835
3254
12678
16485
24506
38949
4831
9631
1957
25533
14675
8397
20367
16623
14224
16443
23535
30573
21939
14609
11658
16698
26382
6362
33595
31993
18804
23030
22511
7870
4366
33977
24431
33635
31839
19041
26499
32303
37037
21499
27498
24248
32632
36641
21884
8075
40054
39351
20737
17398
3313
128
2977
17654
29588
21897
26338
22211
4857
13346
6060
19901
18063
6357
32445
35967
41126
34259
40918
31359
23638
31162
7473
40599
19941
39947
6416
32725
12174
29204
27288
14264
6366
4612
20463
30811
21177
30850
19582
26423
3974
41459
16536
9326
27702
8501
12598
20155
30392
38463
2037
14688
28788
24635
9377
4146
9379
7651
33326
28711
1343
4425
8446
27950
24448
23569
2510
39065
6272
30366
23754
16344
34143
38455
33350
16700
13790
34248
9355
21055
17441
30120
27558
4974
3004
11771
34956
41446
34570
13631
56
26544
13289
18410
28089
39195
38300
22990
38980
29580
16711
28986
27394
35928
38082
338
11364
14951
36405
37039
14394
6003
32354
20370
36101
8513
40510
17905
6038
21228
18583
33734
28413
6448
11993
35744
37446
23514
34275
29054
17229
20448
4418
25777
31268
40796
38435
5964
15749
31560
18361
8495
13256
6829
20409
16224
4314
12629
11092
41146
24544
8965
18855
28532
17644
8100
23111
33348
22365
2476
12482
1991
16736
13618
30085
13378
26903
33125
2081
21422
19745
10267
20461
29388
36634
22613
22705
29186
10077
24769
27732
35363
38193
5043
14005
10846
14856
28793
19626
9054
28239
35003
13391
26013
36951
10395
38765
29908
6258
34079
11244
9296
2215
26746
38058
40824
41248
24287
18013
9359
17356
17861
27541
11697
40732
37044
39247
3040
29945
26461
4902
12409
7358
29797
18268
3897
36760
38648
6869
9366
6822
18202
39416
7332
4591
9957
17146
32041
34063
11758
13902
40917
359
1700
37589
29994
24373
30669
32876
22169
24178
1374
917
19533
34225
2724
11193
21060
15574
24235
26858
18224
4533
38375
15557
40274
21663
13307
15113
1605
27806
4900
23401
25790
4236
10595
14711
22684
17274
39967
2290
15951
33155
9953
29886
23758
14461
3918
2340
35720
33908
23828
38097
33706
25572
17602
31099
9674
30756
35746
35626
14419
9097
21862
37163
15154
31195
22964
29352
12035
7394
16281
18137
14685
24855
2007
22124
32715
18174
36137
26243
36901
36386
22385
16596
15623
12840
19482
20839
32981
24445
9321
25739
13591
24131
3990
22182
9317
40863
39133
4074
14396
40741
31110
39997
19684
34899
40833
12417
12372
25758
20422
20280
15239
39921
13565
35389
35572
24880
8366
37365
13410
1483
30269
7753
26345
1814
31465
13630
15226
39470
40041
24722
36556
33109
32547
32794
4989
22408
847
5384
39462
7633
4396
13072
16796
20779
7125
3122
17586
28174
20178
14606
13181
4470
39007
32270
38421
9513
2902
16215
7568
27513
8868
20204
39217
22441
15965
924
34169
19199
29722
18888
19376
41163
28957
31257
17176
35995
7077
20697
39868
4633
24736
18659
39718
20521
23135
27571
19099
37755
13700
34310
3441
2628
88
21551
38729
34218
14862
27904
2954
37541
29959
17386
24655
16042
27460
40152
12329
33088
17461
24972
34497
19848
29934
35029
26525
27448
37794
9245
20339
25882
10273
35932
8686
25340
5347
20358
27865
32643
40279
18059
33944
18239
24342
38076
8584
14798
38202
89
25871
13868
14667
19699
30026
34191
28792
23290
8418
10383
31656
25321
15912
37792
18934
11593
21568
16988
8091
31012
36555
34843
5286
34249
40016
22324
16357
36890
9745
9139
6842
36703
28680
35351
23627
12933
6759
5617
25998
29245
21982
23871
32158
27841
33388
6049
6116
18204
34605
24394
34360
30922
7828
13282
27094
19766
27026
28942
21708
35540
9414
29575
25267
10805
14485
21299
3958
14046
3073
40678
35642
28565
7529
7607
4255
32576
31653
8301
16965
30595
38673
2909
35241
11313
32268
15047
3192
1901
878
38252
29157
35791
37558
1714
37981
38040
36024
12067
29664
39329
7876
25668
20777
23471
40981
1372
1126
8665
1005
30750
9523
9364
25568
25063
40479
34638
10538
18099
6393
26378
2849
15659
25845
15306
13634
1668
37822
11778
27961
31810
41116
417
15832
16595
36606
21162
34002
15003
25089
28755
36717
3894
26512
2367
23517
20236
40040
40716
30172
1359
26927
34641
13173
38518
15573
39333
12784
17432
36231
28377
3672
22882
2433
23503
39107
12055
27257
10686
18776
4982
21288
8316
40690
21186
11538
36623
19017
38323
983
18130
28795
19313
23707
16670
2736
40311
39500
11226
28251
14159
28265
14721
4381
26115
7972
14050
22968
34088
37272
20300
31510
32210
5087
15282
19512
13280
29228
23358
24989
7765
30782
29233
36310
40492
6459
18413
12727
27762
35799
13662
40730
36380
22865
36143
25317
11684
30652
7193
23359
28350
16750
12589
20078
24110
22608
17434
3529
31538
10309
14526
4119
37118
37061
25169
2795
16251
10207
30174
4486
9508
30866
20252
13881
40057
2420
4943
24545
8949
10252
16254
14152
3451
15457
9261
16377
4632
28352
4628
1054
37111
27446
7874
11921
4053
28165
5516
27867
37932
23288
35281
35028
17515
18680
12664
25839
24241
16060
14922
41086
904
16071
11302
26669
21317
8747
20177
25161
20260
7755
25295
1344
13946
26238
17305
12396
30826
6495
659
6712
7995
20816
31388
6538
17410
19377
25926
12468
3413
41383
22003
7226
5357
37235
23261
8656
36743
36100
10717
16502
6605
10970
16087
18779
40805
40501
36562
2722
6053
13659
12722
31127
5251
7960
10035
23790
4127
35469
39179
3694
20565
20725
32769
9275
35900
40444
23036
5514
2239
10667
24745
40874
15335
33797
6687
37907
11451
8770
439
18872
17957
34035
21067
9474
15911
33101
21185
13716
37642
8559
32124
4785
11700
4836
17912
17412
29780
3197
7612
5644
11328
38101
18368
24029
9527
11524
39854
6430
401
12870
27718
10145
27914
14135
32953
34227
17259
30216
13158
30532
34085
13196
40909
32114
1867
20495
18339
18210
37870
12611
9
30615
4164
20825
33001
23130
16318
33212
41346
29771
32430
15905
29801
26333
36976
23379
18328
38122
1772
23575
3885
28232
22770
8378
14476
12718
21208
26675
20265
19911
11228
11884
30648
3449
32256
30815
37215
3358
19591
11709
28329
29865
36069
16726
25335
9567
25033
518
33116
6381
40007
26484
40987
33089
17137
24858
36517
13082
22116
6994
12824
11240
23240
36094
28670
21970
6202
17643
14289
28887
13398
20888
5321
13572
25253
1804
26
7068
22121
17917
29752
10352
14766
9679
3692
27764
8861
443
17333
30630
1422
30143
32869
34471
8
12435
5691
18016
9040
23482
26093
24149
30471
25459
40033
39799
19031
19718
33529
37485
36350
27742
41276
788
38204
22370
30467
35792
7216
1946
2384
10405
19139
4940
18318
34973
3027
18665
38187
26251
3516
26188
1532
802
10291
18547
40402
19794
2518
28506
23726
5843
34309
30672
20328
16086
20476
31970
511
31703
27205
37424
38376
15753
39793
22097
33510
41113
12163
18788
26756
21323
12499
28762
38085
34252
2933
13702
2540
17799
3664
25602
11800
19692
34844
35523
41347
1698
37311
17511
16056
22827
14027
8820
39026
24867
12134
22250
34634
29207
1282
18438
35339
6284
1106
37607
26692
12486
20700
3855
28126
38406
34904
1788
38610
1945
41030
39878
3717
4333
38401
24076
13146
35602
21743
29024
25943
21262
26887
29104
33793
12658
17841
8435
18325
22033
24417
22433
17860
15512
20589
26564
29431
145
37429
30323
12020
21940
978
20477
6659
13178
15093
32141
14047
20331
32618
4322
9754
30837
39584
30698
18041
4584
25106
11383
24444
8579
8532
30051
14500
37239
2390
35580
32027
34930
40008
40069
8106
39866
39929
12936
38891
6069
2468
26645
16150
21505
17421
30096
15281
15830
17745
40922
19644
27185
23161
39198
1725
4286
26897
18275
26386
37832
11146
8398
16427
40903
30230
29487
26844
8414
30345
33909
1662
33385
15766
20571
767
974
26545
12184
7014
18048
22503
5349
964
3273
8281
26436
9998
20784
22095
36084
17287
8105
8133
19480
30219
17814
30602
24085
1352
40032
24919
29018
23810
32805
39033
23298
18334
6992
4012
28808
4994
28536
19772
27609
33895
30828
10306
21934
16781
5497
2175
32254
34117
12885
34505
30821
7169
34045
37741
4655
21281
33252
4421
5088
32700
7890
38927
34315
22167
26194
24581
2695
15405
11904
20943
40031
38327
13705
14157
26513
22863
21099
41256
39054
4054
27741
202
37641
6066
19185
7878
20057
38925
34972
13758
35402
35735
10785
28615
18360
32294
8604
33717
34405
5401
1388
34269
30444
12874
21163
5265
36382
31481
22700
8313
24899
28776
20048
36921
16030
21826
6194
38134
27575
38016
20535
39344
17220
12590
21021
3643
2121
34737
27053
1764
8012
22241
280
24409
21437
33520
27898
30247
31201
32082
39871
9357
5527
27549
37067
13352
5174
34607
6911
39855
37451
4822
18606
32423
4640
5495
35766
26624
727
23386
40133
16467
3059
28865
36601
37231
3510
132
26594
26696
18373
38563
16510
14087
9774
29578
24281
2597
10645
8129
16550
26291
38068
39634
31741
24104
39950
12772
2488
19279
37821
16448
29998
40154
27666
12034
18335
22945
33183
21284
10525
20937
37728
41277
6727
31635
34454
28677
29237
34600
39635
37897
39445
28311
29495
39780
38231
8543
17238
3447
37748
1840
40294
33227
2181
19179
25770
38841
19378
10297
22309
28399
31056
38521
12949
41231
22986
686
39456
34307
14033
41104
4252
30917
6446
25661
24105
12144
5600
11727
14918
11191
28225
17585
22240
31598
38835
16245
1312
6686
7463
3392
19184
7181
27568
5703
24668
14518
10414
39220
21081
2068
29533
28958
12354
23551
16872
15294
2172
37005
12630
35276
13187
8310
17057
16905
1285
3663
21703
4227
31200
32777
13426
38887
13589
4596
14623
14946
2342
39231
12764
34217
38348
41411
4204
32031
6046
8477
23686
6354
29118
29543
10519
32161
8007
28920
8877
3597
1686
17372
38710
5080
26520
12218
40070
38951
24755
2908
16388
14181
31065
6725
32585
19224
25917
8152
1217
3478
38030
28867
14670
4391
8014
35586
14813
15526
11661
32975
28898
37258
20123
28056
23620
30739
15708
34229
19130
265
37407
4269
23112
35367
2926
22279
40264
26425
23011
18102
36141
36355
8697
30892
24942
25058
20024
12367
17675
14145
7982
23393
10493
20584
26930
9471
6849
16516
32324
28656
4092
30156
14570
31554
40306
14413
29989
35133
8410
34352
31450
28671
1264
22191
35537
22714
13537
17198
7980
38622
27191
24357
26222
9239
26869
9846
25950
33207
11816
17408
11117
12599
14619
23270
22871
29366
6328
26874
34735
26909
24495
17067
2422
18250
6441
18623
15088
34483
4623
35118
23926
10029
11637
24170
491
9112
37042
6838
24761
19492
31143
10274
23041
6932
30836
3644
17211
41356
29223
10196
29746
27418
18219
17766
39223
18191
33138
31906
39639
41261
33148
27267
1355
16587
24877
39308
38874
11241
2576
5162
10893
21771
180
21661
34368
27504
26657
17742
39335
29165
28237
31129
28821
19581
36886
6691
20314
26304
21892
18253
28952
8244
2424
37923
29378
31331
785
12343
36414
16877
38404
37375
18932
28969
39128
6113
10705
17714
39346
19253
30988
37380
1654
21543
31508
32464
3351
32800
4305
21387
7163
10250
8913
1434
19296
26031
12313
6867
26210
14888
40282
28419
22708
28022
41389
9856
32600
28937
15822
11743
14735
36672
11235
24532
30536
39754
30428
40194
11237
2166
28856
3662
6168
14775
41136
12733
29650
6768
28276
33372
26807
27780
20021
29785
3696
9737
21809
12682
15636
24062
13527
27178
37664
30225
20658
23367
10783
6552
26608
58
10059
15759
36914
10865
4897
18462
23545
41420
35908
40817
22265
32858
15812
18577
24856
28279
16439
36943
25637
9687
23416
23604
38179
36809
12424
29377
34577
29163
4466
30929
7650
37892
27781
23631
22938
21495
14259
27995
33483
33054
26141
13980
22184
10579
37631
28275
7684
26006
16169
16326
306
10617
10691
41230
10138
21421
12652
4879
35396
4724
41430
37637
37714
23689
34931
11529
3105
8118
13592
5460
36359
26122
19538
2357
5067
23085
16266
33199
13115
9291
35050
40550
21475
17823
17938
10870
31023
19623
40643
21655
19531
10437
41370
24955
36219
28472
4846
27490
32357
35718
14749
21748
35053
28052
9623
24493
27367
17626
9741
6566
1876
29982
36412
13984
38884
30336
6776
33511
17268
22543
12961
3601
36038
33560
35879
41451
25587
17954
18029
5526
27434
18116
2911
31456
28921
25960
19897
11625
25377
36090
30681
27687
15071
38698
15717
7299
15679
278
6259
14276
27286
25481
9350
10190
4509
33955
34833
32755
36872
30693
4990
39199
15989
5268
39660
8612
9476
17587
4200
6824
1329
18780
39078
1752
16828
17327
8253
26524
37673
36579
32120
14732
13048
24115
36558
14818
37340
25612
38162
19662
36341
9607
16873
30830
30649
39539
13133
34136
3203
22117
19708
13499
40006
24624
18003
20877
36241
6011
6868
19589
41204
14928
34244
25986
34283
6744
34744
9512
22836
28035
18749
32432
26173
2721
41422
19785
3066
245
29457
1920
9117
32834
26911
7485
2502
21607
37306
11955
12467
34379
5656
12043
8163
32793
36236
27619
41315
24041
26957
10576
6265
33107
20201
40364
14017
28832
39632
1140
10362
20424
8797
10925
11496
34476
39956
20620
31872
25890
10288
20150
3489
23444
27333
35783
32695
10452
24704
11630
38069
16534
24828
10513
13083
16971
27097
31303
29218
4986
2349
31697
16068
21776
3629
728
3477
25630
39824
28218
12231
32492
506
33446
31882
11638
19027
19959
7973
23821
34729
13708
38502
38128
4978
25132
10822
39749
28587
40407
28117
28933
9885
37473
11660
769
31890
27387
35325
24316
7118
26574
556
20147
16658
3225
31641
4445
7713
19551
33162
28618
32942
21854
17348
13392
18836
20503
16629
22523
16223
4565
25212
40437
18064
40128
7335
1675
29003
16381
37591
28508
962
6120
38935
10347
13594
39807
18490
6652
29976
24378
14533
3434
14169
18451
28120
39311
27307
12456
5675
2700
30914
11095
21197
21719
6862
30208
14492
1153
29921
37184
10497
41008
6117
744
28154
29463
16269
20995
6558
22656
4681
32222
11456
15060
33542
13518
14042
39899
36372
10631
12831
38060
35542
15945
5852
32852
22817
6418
3041
40025
31574
12737
41096
4704
11995
17203
30635
28910
39086
913
3075
12861
37747
4815
19969
20829
1606
15358
32220
353
18622
16176
14381
27753
27210
3161
26827
25265
6698
12324
21787
707
28756
26276
2376
3435
14041
7997
8848
39496
37545
37031
40934
16347
27483
19372
11402
16100
30132
11825
38307
1059
23208
14773
5677
25296
31501
15415
9776
5720
6073
18348
27497
1425
7019
34995
20748
27642
39529
27940
20517
40059
8176
39114
10263
23091
13825
33281
21865
38371
19252
10103
7786
30945
25394
35447
874
6534
23836
784
40989
26970
21761
24470
12603
32765
14463
22624
23913
5645
32395
15856
40651
31621
36621
4469
34555
9284
28481
12716
24293
2268
9050
16275
23704
30028
34055
5048
30147
13337
3788
34401
32766
36128
40167
28691
37940
31979
1141
18471
32806
29521
29380
19965
6410
18069
4801
5179
6126
36237
37841
30223
39932
39272
24074
41138
2354
21988
25907
21465
12636
9448
36712
36738
18072
22327
38900
31570
18616
2171
17046
11834
37581
15496
32346
4181
28611
39085
2993
39015
28983
19717
39474
13812
1008
8515
11342
9738
27271
39395
16646
16806
37556
28442
10917
36315
28400
28474
12540
9194
26503
21955
15314
76
34460
10128
6512
3023
6856
33764
29099
12935
18559
11763
35124
33143
4906
27578
26491
26360
11870
9498
29403
28863
7748
14222
26825
7678
31374
27453
23927
3215
35324
34663
20315
28014
11806
31720
36477
34049
33365
3168
37933
33412
16376
13627
22875
14096
5673
35442
4955
26549
10790
34314
39787
10960
5212
34547
10894
2979
7341
10532
32410
40346
38821
40248
18270
38994
39965
18133
12608
15287
31270
15392
9571
27061
13516
12021
38643
39970
32670
17993
17439
35115
26315
16888
33182
1323
35940
9883
2241
9176
7792
40341
35717
32300
36585
35485
1263
17726
24372
36478
36234
5203
32012
21835
40467
40243
37499
39099
11438
27170
30969
20478
28219
489
23688
23981
12877
19258
10603
7081
34803
14274
19679
23591
13199
32821
31131
5343
36694
30020
8730
15252
21327
22519
6783
17451
18996
18736
12454
12663
38823
19335
12946
20496
10354
27868
11077
23264
30475
12872
35280
17263
14921
17301
40098
32889
35382
36801
22359
21386
39953
29658
15322
40021
3397
21540
31691
13068
14612
38113
37489
35358
38493
27630
3973
19265
29733
26802
29280
13474
4284
33719
15640
37268
34159
26852
26415
8945
3231
29442
3729
9440
28519
11312
36709
5730
10522
8627
15967
14138
36995
4705
37868
35748
1444
20107
3104
11108
11682
36573
26687
29252
8516
40724
5116
2177
36097
14550
15467
22824
22579
18582
21236
4080
15345
32595
22776
23765
303
11618
19583
2769
34544
2547
14830
26981
3853
36263
11337
16162
17045
1315
16414
13809
8233
13009
29365
10903
6236
17217
29833
19337
25423
12442
4921
23486
26181
27531
2998
10251
9927
27827
22626
22917
30877
14867
26339
32588
37969
10743
3809
30171
16047
2074
11807
30543
17880
1301
14521
10641
22289
36247
1073
19187
5281
7048
35468
14644
18108
32002
2086
33999
4646
25272
39041
36302
5991
10104
41357
10670
31861
13292
28759
35733
3330
22963
12698
40911
23292
22823
8873
22775
31352
14298
23279
13943
28752
4852
34821
17077
32943
2627
2481
26987
39966
28733
13497
27358
25586
34966
38473
27532
35809
24642
16234
18881
10304
11136
13367
14258
39406
25773
10841
31356
7466
10047
26552
6481
14201
36331
7528
40515
17187
8126
7103
23910
15935
21174
1745
6232
18428
34660
14968
11799
5483
9596
8022
17646
38415
11862
34988
20522
23774
14384
28092
12723
29860
21633
2067
9751
31250
8370
1760
18473
36484
11347
11292
27129
30369
22602
6135
21524
40122
20459
25972
38070
39291
40629
33122
18660
3899
15341
37095
15278
38335
5581
39643
40251
16395
8124
34805
37936
19294
4767
12378
2824
5638
11677
41224
19150
10491
13432
22601
20944
21488
18585
22878
27922
27440
26205
33968
5332
21673
40766
11640
21996
23148
31364
40166
22582
18527
1475
20431
15051
32272
11099
2334
29226
13586
24986
33802
6133
18908
30501
29535
13206
39625
38304
13263
3959
6610
23262
16614
13935
40703
7839
13684
36789
23472
39172
5793
4814
34499
30707
13127
22604
149
37083
37942
20344
14196
22196
30660
33123
29037
41321
24462
23618
23643
8452
576
35753
6539
40672
12756
17191
26473
22113
14495
20634
8969
3702
3380
23162
5563
300
40441
7722
13117
31283
36833
23662
10850
40408
36289
9493
2818
22739
26372
2089
33945
21456
40870
11845
6612
35595
27639
10713
31599
24892
35459
26444
282
2988
580
28830
38090
18571
10198
29854
33671
33436
21630
17552
33568
14074
30874
36732
18735
17704
2366
30206
11602
40233
4621
13533
22904
40019
28358
39363
1873
40983
30063
4797
3019
34585
542
7676
1759
28086
40891
34014
13938
38795
23439
14448
40667
30638
20552
12052
13455
10736
17913
26019
17204
7775
8608
18834
41291
34102
7355
32767
23673
31416
40355
29282
1908
35529
20858
1921
14306
15854
4385
21091
16177
17120
30275
26325
39559
3007
6158
27849
8155
39857
9388
21476
11064
4977
35176
29926
19617
5631
14964
9799
26321
32001
38338
21345
4239
31112
7791
1270
23697
27949
14221
14028
25895
8211
27851
24927
39204
30211
640
7652
40036
4237
35235
37764
20796
6278
18234
41322
3376
28698
39944
1429
1549
23906
10912
39818
32823
22789
598
28398
31211
22190
6356
10467
12645
24103
19092
28394
14779
1931
26201
38145
11924
30984
40003
19657
23121
19026
13046
32729
13588
31165
7481
25656
13921
11488
34768
9625
40856
29392
24034
37457
21038
18530
34642
15748
15208
9761
28916
26634
17809
6260
354
40431
39255
15596
24205
13260
6154
37871
12074
23166
11885
23311
21200
31292
27926
27236
41168
21331
39984
28158
29589
20187
38392
7261
11155
18367
29887
14411
5779
33091
12984
19892
25644
36029
14158
39836
25838
15038
11231
37804
16065
5610
32066
33134
62
23353
30792
35659
3822
40373
22275
20153
24164
34601
28421
19786
3829
12804
37148
16575
31732
36698
23625
41082
37903
2430
38988
12819
35513
2973
29725
5250
39206
3121
38803
28028
3454
12255
30
28753
13911
24762
31539
27149
5219
12051
260
19104
9931
4483
3334
10256
29250
31666
247
36417
2112
528
12992
16832
1276
6488
31376
36628
12437
7766
16057
32527
8040
10290
35689
4593
34138
12526
2329
23119
11281
15026
25844
20967
13733
25388
16207
7854
3676
15701
13358
2078
18440
12558
17780
27987
35054
34725
38960
21079
6314
2453
24075
16077
2436
17514
24275
14605
7813
8205
17945
16524
25859
24369
37152
3001
27530
38565
39315
30527
38517
26604
26650
39513
26073
2974
38688
23825
8019
23116
2227
23583
20694
2319
16539
6316
34806
16114
24370
21819
29582
12342
12193
38776
13434
14031
14753
25645
23491
6385
26542
9444
4033
3124
18790
33673
33015
33677
8891
2846
10936
37536
18111
29222
20347
16902
22588
13433
16735
38497
6661
2090
3242
31858
38804
27416
36481
5708
40136
13438
9209
29541
41102
18179
7321
15354
30589
20670
32474
27488
40442
26007
22727
4009
25666
14897
9281
14071
18805
9606
20345
468
21342
9171
9081
37730
4440
19229
11868
13401
33224
40125
34718
39477
4155
28476
31024
36385
35756
34271
33210
12111
24213
26853
28895
9034
14119
4673
6277
3935
3306
35819
29460
2743
17891
39777
2055
30609
9169
14214
10902
39441
31372
40689
16746
7139
10483
32211
15552
6909
4272
37723
17776
38876
21790
39546
38196
26162
2590
39812
36043
37266
17383
1015
6708
8889
8451
7896
12023
34098
31048
40848
11005
5666
19868
2962
7224
26103
4058
37895
35685
13937
21411
14468
38815
7033
3013
59
34723
36047
27110
25297
25274
23515
35019
12310
29708
19301
38812
28684
2816
36457
24778
35971
2187
28967
16959
7240
10303
19222
22237
13144
36173
35086
2297
35820
31526
2869
1088
11150
6460
33102
15807
14204
18246
13447
14777
30041
14947
14792
30135
38791
7644
29558
17418
7018
16363
7251
28926
6414
41266
34699
1613
5683
38697
30398
37109
15203
39606
20867
9119
27353
14440
21210
10253
24948
38936
40881
257
2229
10570
9461
40220
31591
27710
9227
21851
470
32563
40626
38298
32243
15116
19791
4185
11907
172
32048
32797
20750
27507
5269
29020
37023
16263
27245
29779
2559
30860
27466
11167
12710
6016
6949
2746
5467
34459
22417
6877
12187
13437
15503
15957
3053
29048
14705
39567
27986
20294
35587
36733
17481
24853
5839
30268
25079
1460
7042
9450
36333
2300
19292
8832
30695
31248
1774
29318
22842
40660
35423
20423
40093
31544
8720
32138
30941
40799
13195
7259
19386
35672
34854
14580
17285
2770
5021
41294
26839
2392
16429
35302
72
168
37512
34968
27444
39641
18038
34572
38756
30060
37234
17541
40179
572
20326
19808
15275
35963
9575
12252
38757
22226
11647
23598
40113
31889
9971
10053
12288
30106
30170
18395
31971
29273
39636
34503
39303
11436
20224
9263
7888
10928
24012
10587
30482
22957
34626
33273
31519
16792
8431
13753
27000
3278
9572
15883
5054
34746
302
6288
15209
22161
18572
10640
13105
1937
20526
30179
18985
21423
29877
18194
15105
29964
23339
33843
35975
8735
12045
9514
15196
14177
6213
36604
37753
37704
24981
35977
39798
22051
23259
38047
39558
16222
30518
19247
16476
23814
2803
16641
18722
19939
25621
36711
23217
18129
37264
3805
20746
26132
20721
3342
37151
19488
28629
30802
5587
8825
29859
40361
25541
38025
11204
9432
35524
36205
18240
32099
13039
37060
34212
38391
9483
19652
14277
39630
16798
7988
17697
1416
31295
17718
22256
11170
2687
36305
16148
24134
6355
32246
1397
34417
5430
21444
27316
18292
33285
23890
38871
39378
25956
21891
10502
13425
8476
38888
17189
34133
3377
22847
19738
27405
9123
31920
5273
23409
34863
31415
23886
35057
13849
15305
5937
35934
3504
15240
19802
13736
12955
3895
5606
20553
34702
27918
7942
24376
33343
29363
333
25901
12912
15114
17076
6738
27042
10681
21668
3748
38445
5613
34027
12029
24437
24727
3857
30631
32517
8804
11615
10877
25610
14209
18601
2845
41155
21683
37496
12041
22809
9536
20794
15237
2475
8863
15535
15185
39349
26429
4746
7577
19272
26515
9725
26830
13761
6321
13539
15752
28340
16008
9850
10598
17867
36271
22089
24179
33963
2522
35257
19183
20203
36057
40630
19740
39039
26709
1353
4129
27887
33526
30761
15182
29626
37194
40452
207
5817
22019
32493
40053
193
37633
29159
26152
38652
13567
23443
31103
38908
25807
6613
3981
2543
20298
35771
40139
17959
38727
15230
28740
23469
34228
13194
7963
37919
27776
14591
30284
21963
4972
33320
17215
17983
21256
40705
16472
3931
35830
33547
10177
20479
22544
1630
18060
40980
38130
33231
5178
18472
26532
40580
27255
33099
16227
6190
40628
20138
33360
21544
10539
25346
22383
38631
27007
14510
17680
35416
40575
8479
39383
39001
20949
7429
17487
10443
21094
37431
12037
41177
31452
1966
18689
35379
13616
16950
25488
24405
19799
41179
38731
39531
27829
18715
41251
29620
10665
12944
20022
20098
9562
27055
22366
21371
23067
37078
40892
12631
27706
8890
35812
38380
41398
35491
28188
25818
13163
8781
4587
31706
36198
10296
1239
17869
33627
13742
8948
20121
3251
2901
9001
7483
28568
1387
33701
38587
21766
11391
12511
14654
11831
40321
22525
9286
20093
18612
5181
628
1030
18760
18244
31594
29565
37793
13886
20388
8630
20657
27108
1112
3617
11199
18586
17747
1727
15922
40207
32764
34071
10107
28286
6917
2907
21096
28648
11597
23501
3010
15025
3468
32292
27537
30210
3603
36073
5491
34644
29193
27478
21933
37414
34708
6157
38119
4234
22455
18445
34751
40697
10367
3686
35930
36949
8940
10754
27834
17143
36863
29924
17471
31581
40042
37415
35619
30699
37482
30937
23873
27895
11308
11781
5953
11986
14453
19573
8688
16621
39726
14747
18528
5115
34566
28660
29784
6728
9067
26072
34776
9472
38728
12458
30910
10940
17562
30598
28047
29700
9467
12087
13372
32684
25411
20399
15137
8255
40029
7701
10899
23344
18362
28322
6797
24007
13955
12461
31207
6837
20273
30117
35234
26168
41439
38424
41088
3722
2362
8261
13732
25511
32597
39158
17448
22716
14121
10750
22729
31126
16375
5084
34696
14853
29074
23752
36599
13479
25338
21178
9365
11920
16277
38957
30465
12349
30687
36685
22348
31171
22302
37965
11968
30277
22432
7849
17128
10895
24054
16571
21626
322
9235
35741
23068
13393
40806
38470
18143
28661
35096
30540
10238
3016
36195
2421
39253
24885
17735
40901
290
18905
22438
25601
21718
4457
37325
35312
8251
37143
23935
28548
39761
21716
37663
15940
35145
33251
9193
1710
2924
21806
31175
27106
7275
31019
30571
12767
13664
6037
38055
26249
34338
25817
13798
9681
34853
19614
20290
31677
32132
15668
27719
23035
20985
25217
17628
2610
35765
22803
8280
14692
19467
12261
4550
9840
28197
17295
37601
2359
13649
27863
3390
21647
23666
2506
37355
18967
9002
9976
37848
29348
10674
7819
36136
21965
4409
2285
3078
31123
9637
28037
14141
14390
7587
37112
1728
37797
32235
32459
13492
21605
18782
24139
18096
36625
9068
14584
37017
1719
9778
3876
35556
10828
20338
40487
31556
5441
31763
28842
9014
27330
36966
39569
567
40206
5776
27825
1311
12684
41189
18477
37115
4936
5344
39048
5295
36003
8615
9905
26196
6228
29810
28062
19321
21143
23763
36751
37287
25383
35125
3957
6595
28800
14887
2969
29041
7016
31407
27240
33000
6437
24305
38962
16308
28405
19550
13402
31249
4134
40198
27938
15906
41090
38671
1207
30812
6156
41384
5537
31674
21438
20017
9624
2393
4747
36724
30346
19401
37121
35127
16098
31844
36819
19160
4874
9309
34598
27064
4771
7468
29271
37261
3818
30281
5785
11366
17138
4071
10116
32816
37702
13839
17199
39027
13950
21658
18160
30310
13656
19117
26352
13038
19045
25497
32901
35164
33201
13355
32845
18887
22747
10186
6330
33890
22627
18910
28471
16941
29263
6887
38562
5407
16754
27174
35147
22539
10499
2161
35853
6031
33863
2183
16079
2064
5994
25545
24796
2073
29787
4882
6609
12105
16562
22418
24351
31931
26798
38451
34434
11492
8269
14007
27600
6234
30322
38605
14820
14105
10358
22345
22271
37085
40954
33327
7410
34145
27769
22425
10601
3039
13958
36115
226
18197
17495
18262
21919
15028
13745
4089
6040
14422
12091
26480
27282
20342
9089
651
23779
35561
17613
9182
7191
35223
1299
26420
8367
37059
25495
18159
35160
31793
25945
18846
18499
16483
10156
5876
29171
26088
4720
38315
39510
228
9197
19621
6833
9311
4761
25534
30450
14481
17107
10581
23953
40765
18950
26876
30095
1829
28287
26896
13350
21747
28954
40329
5153
6352
24018
25474
16526
31221
39723
23525
31822
30966
6071
30410
19167
14966
1642
5177
25105
5322
25608
3499
32735
12821
26001
29817
2759
26797
10972
30772
10535
25491
698
25420
36176
39385
8396
40369
6579
40018
2247
14933
15049
27617
20525
15703
13993
18383
31767
19392
20043
31704
6650
13128
31631
19071
31929
2648
41307
22877
16882
9372
11784
2691
33873
37773
19638
2028
41212
6627
35811
64
14315
214
20988
15952
37173
5794
25228
39327
39914
17452
2573
4454
23397
33590
38986
21500
25782
16258
20386
33187
15700
33261
24648
22323
28789
29594
5784
25774
35093
32590
36367
37075
10602
15554
39356
17074
25965
5642
25578
30003
39574
36876
9943
24220
38059
16437
34394
24153
17389
34824
31867
34648
33695
12803
34979
41131
7190
4478
16271
35388
31256
30481
26062
35055
28478
5191
1246
3459
38015
8761
31401
26483
25842
20090
8870
18798
10480
34008
7092
21131
4984
4549
32285
23431
26580
39082
30506
36112
4114
22973
33426
15803
36276
38693
29395
19088
10169
1328
18495
627
9060
357
13887
27396
1766
27826
36307
24765
40749
35836
20904
40717
1917
21270
8286
21623
20243
7756
33657
35760
15152
38811
22490
7392
13417
32450
16043
6216
17226
1632
33805
25914
31451
46
4449
41180
17922
17276
5575
36837
32830
15799
24607
25935
9633
25027
16470
23924
38780
167
16879
17443
15546
23072
31368
38667
8178
30889
7797
19588
19777
24312
35994
21827
31807
21305
12333
18370
33537
35371
22481
2936
30406
36720
26940
13994
5930
1906
13096
30182
32709
40669
16342
39757
38209
10749
10386
5309
26137
20709
26204
25519
32278
36297
24044
454
444
13335
3187
14541
31966
39377
12446
23880
39801
17579
20972
8322
17619
6131
26733
8449
15320
6601
5393
12732
3474
26353
19330
10212
37853
29060
33232
996
13293
24608
18089
31759
37838
35377
21010
26771
11883
11172
15045
36189
37334
6805
1746
23785
6643
27302
7979
22153
31669
2401
16421
28291
17978
12814
7665
25854
1183
11631
10117
15140
39028
2514
15343
13073
40191
33652
14091
15941
656
17731
22046
30441
28323
39404
30621
22930
1470
155
36270
6466
33248
35193
25505
32129
25955
25371
30413
39224
15874
29132
8274
13399
9895
25121
21180
33299
6424
16835
8575
1612
4460
37927
31779
6177
31913
22387
34858
39275
30653
21326
29130
19115
3009
5831
18042
29906
9437
25072
4662
6870
4102
36538
39829
41312
2630
1836
7842
13942
25813
8619
2082
2607
24611
992
25884
27515
27525
37349
8685
36583
25334
32822
38176
34832
19097
9592
13951
35739
17343
37370
24895
877
8998
15841
18658
25795
2298
11662
32009
32398
12012
6399
21025
14539
29855
8383
9318
33468
20360
6986
14327
5279
3971
24325
36714
36321
25744
3052
10231
34400
31924
33645
40957
38828
25792
23932
4450
28763
40860
36507
3628
4642
17367
4037
36958
20625
2324
38373
33203
9878
13167
35931
29493
39087
18377
5636
13569
12402
19643
21601
18997
40332
23835
39309
16297
18173
4625
37803
20902
36765
22047
7783
22590
812
2554
4394
108
5423
17710
2940
28168
9352
37735
3279
18131
21880
35493
14535
22122
18190
7013
11161
26707
10236
3324
40997
20963
11890
32561
28852
10020
21900
34180
21460
18536
21957
4401
35169
23992
28731
2653
23335
17590
4754
24292
40641
25086
41388
15974
6496
35179
30308
32339
31399
15571
12117
32166
2097
33789
33835
29720
1614
39687
20912
8041
1556
26426
32532
18792
39036
21950
5355
10560
26134
8926
9632
32301
30162
23318
293
22686
10549
27008
18435
30415
31593
16016
3139
32321
36571
13129
36843
7308
5742
12889
6900
8570
13646
7032
21968
39296
30843
21271
28248
3408
5804
33585
20348
7282
19468
40089
32521
31166
18502
29794
40126
22554
4948
6245
13339
30198
25575
31247
22446
29967
35598
29649
20210
20130
2351
31754
38222
15657
19685
5639
32288
4555
23984
19319
11218
18920
1247
41437
31057
24622
23908
20437
39803
24905
35584
1659
4804
5766
5440
21246
32498
11002
27527
16710
18278
17155
10703
25114
8577
34798
5723
24625
15085
34458
6079
36512
41269
10621
20264
20945
26556
38184
23405
16452
25893
6427
17927
2542
25880
1596
30123
35421
16167
40640
22674
26598
4854
16152
1622
38194
37987
17788
13774
34378
21506
11222
40567
29434
13617
15652
12760
27775
8581
40504
1757
4887
18641
26403
30255
27295
36800
14677
4510
40680
8525
18634
22470
2693
26728
40335
9133
32155
6756
28173
26328
22989
15432
27846
24091
28166
9375
39132
39971
35902
28542
22500
35630
22276
22002
2548
29682
22471
31825
31461
17232
19980
17140
6151
18525
10559
14064
24538
2313
27270
15
30497
15923
38856
37824
13212
30158
40183
26877
14841
36862
6144
26811
35883
1464
18784
1751
19661
19427
5220
25648
36192
7096
28452
41111
8344
11256
10282
40182
17671
37036
37610
22201
36520
25801
27793
36736
7781
4880
15056
9384
28390
10732
36119
20940
11493
15536
7977
33761
18921
935
32054
18562
13885
21798
29694
32575
33862
38197
39079
8637
11258
23481
36284
16264
5643
14336
23251
11494
40779
1885
22151
1730
9445
32181
37634
34247
26629
37320
39942
35088
17359
4261
23896
31402
19937
12575
16583
11949
18602
31235
11669
41124
22946
39699
10673
13185
5314
14237
15719
37084
34765
13841
2948
25760
14763
36093
36216
14782
899
1385
25561
12423
28136
18336
26568
22447
5320
20766
8488
16722
6560
18005
24065
20341
4398
40674
38032
6575
37014
5093
26964
34437
33552
23422
7930
35048
20989
16985
22695
3827
17027
35330
37307
342
12069
21638
21213
32191
41491
27011
25344
20636
19873
30938
11107
31604
4501
24715
5640
8866
7659
33359
34949
13496
19418
20916
19186
25417
26794
41181
36615
27125
3542
21409
36340
2798
25142
8189
29311
22926
26516
1245
2039
18633
37725
13032
16460
28998
28580
12521
8456
10709
1658
20767
3097
31327
6331
31782
14386
27419
29042
21859
13550
14271
10081
30551
12509
18902
12585
2144
25192
4313
30474
20208
41490
22535
179
20792
13804
38764
27662
17979
38786
13673
18693
5290
8024
26494
32008
18625
8714
6034
22592
3047
1471
15988
23246
14907
6758
4123
2952
18831
786
4035
17186
9203
33726
21440
30405
2378
10661
7080
4442
8470
23546
22605
23218
923
2668
25922
20666
18942
32660
22731
24488
13225
4221
15845
27542
35432
13054
1850
18510
35828
2611
20302
6582
34410
33667
29508
9964
11423
24561
7277
19997
29201
26034
11858
33030
40810
39023
7411
30013
23764
12974
26428
3153
35232
12495
26154
25017
19912
37113
26125
40000
34997
6521
37677
7176
13573
928
13534
36009
24593
18384
10004
16228
26263
32726
23698
41218
1972
979
24831
24712
19555
25359
10142
12140
6989
16479
9796
3602
10449
4602
20629
12835
15746
27665
12574
31480
35927
14270
11030
4264
26457
35482
33728
16846
13481
23690
2996
21542
24193
15970
32543
30992
15316
19341
18570
24656
8290
2652
30931
35397
37613
9798
13808
11138
38431
31731
41042
9758
23657
6618
15476
11605
20488
21198
4349
40960
6369
36564
35146
40814
23856
1511
5750
17774
3087
30442
8030
22355
2544
32374
34952
19307
27092
40295
8285
25188
9594
13381
15373
9586
8321
12656
33206
8018
11691
31015
4520
21731
31460
5304
20126
26111
7110
40104
4723
6975
22516
22802
16942
23449
14694
2114
171
19759
16576
16689
19016
23592
40317
41305
14700
29181
9665
10031
32502
14077
10213
40345
39581
33033
9505
2906
14680
11014
16055
26668
10586
5134
11349
25385
21114
33254
31196
631
36986
41135
41093
2838
8603
17125
12259
28960
17638
10774
24106
18406
509
6944
34719
31379
20827
39870
31551
27376
20346
14116
986
8514
9078
18266
26562
38984
22505
17469
8905
17251
24785
9392
41207
5462
5950
35807
37544
3560
32420
6960
24719
32867
27870
17414
35299
30933
29308
3327
28780
25961
3297
19861
17325
28700
1674
30726
11489
11537
22281
39060
39580
18946
6506
16989
2726
28765
25392
39555
9192
5711
27200
30496
3551
13731
5131
3371
14719
19545
16026
19080
17949
22326
21008
24709
7328
28995
14427
17566
37211
11972
21659
5033
23990
31577
2192
20181
38868
21448
30556
20451
17100
21800
14943
13765
6934
17470
20410
5571
34042
18720
13507
19036
25401
5285
12619
350
15317
30038
5029
22572
9863
13971
4328
11601
14056
36596
23942
4100
31558
21337
14415
12455
34197
3248
33433
30891
16837
34777
35187
20416
20372
1838
40709
1028
1417
555
2585
6289
7693
24891
41052
36916
8416
40488
13132
9353
31999
29619
8663
14565
27621
19406
24643
38075
2459
30076
4308
27686
5002
18070
3255
16418
198
18987
27374
40202
11844
22889
14173
7310
37830
28693
22294
37029
26292
4749
3806
20391
32486
9092
9243
14885
20564
31160
30422
4231
34922
33342
33935
8737
35033
36178
4991
14995
9684
22977
13511
2601
8718
40354
3314
20007
13007
11033
4875
23978
20799
27524
20803
21127
14676
32159
2363
23411
28030
30318
19886
1919
9845
21134
8060
26654
13386
1791
17972
3954
15930
40694
29713
36111
38570
20980
18603
11552
12444
34182
35355
39398
39464
2013
22253
31750
18080
29300
2757
40830
29417
29093
33523
22696
13893
18075
29194
34452
5282
3648
19556
39222
32964
3564
26836
20887
7561
12812
37052
26732
13932
40877
35817
28148
14525
9018
37507
5619
27246
15266
10650
19944
38929
41151
14288
12136
16181
24619
34565
22251
39575
7436
7278
23789
21555
34096
38232
24542
6114
8821
30996
22126
22487
25478
885
9026
10942
16958
34813
513
20158
12264
3700
24866
36064
8961
17989
836
28644
25194
17634
19594
23274
39245
36578
7178
4871
17323
31808
34185
41495
17262
7954
33722
7689
11929
18002
22298
31030
21122
30299
406
947
13965
3797
566
15324
39678
2027
28492
10058
1523
32788
5511
5669
9882
13986
23485
19471
40964
41368
27057
35569
6134
12053
19225
26666
19339
15458
28726
39830
12990
32131
13619
8831
261
9045
11869
40996
21531
27412
15058
18560
28654
6336
14115
10813
527
37752
25222
31239
4649
26466
29816
34323
34369
26535
38350
11034
24973
33964
26751
25043
24872
33119
30074
9475
26090
9831
27121
15010
31497
20095
35723
7815
15204
38446
12353
23313
26235
7865
35301
4684
10281
24979
11065
29345
30919
14284
22955
10219
29501
26456
20845
30337
12739
10978
17810
37364
6153
8587
19133
25379
240
12315
3466
7351
22773
7946
28713
18954
35613
10257
17104
2185
12109
39336
35507
24042
35225
25460
29489
14544
24513
2899
32836
1680
5957
19061
6201
210
984
41014
29164
15130
6940
20312
17591
30368
36191
14727
8679
1326
19938
19091
16852
17314
9587
39514
36275
12304
31874
41358
15840
27957
1132
35966
21279
2212
22960
14639
29136
23745
1607
21813
1453
626
23852
22642
36447
19445
11133
14689
12357
17874
20064
31774
9181
9115
30869
10832
5944
4653
30963
37992
4413
31494
11802
7186
29917
39106
39382
31090
19400
11828
6164
16398
7373
1733
28871
37964
33803
37300
38701
22358
35043
37057
22658
39781
11024
23658
3642
8162
33538
17240
27614
31609
35083
242
1424
7573
4929
19618
2434
31101
3202
20323
8666
5864
15702
10724
15694
39081
1267
5860
9593
30264
23972
15962
7384
4214
28824
38599
9746
12407
34837
39974
15802
30067
12307
39014
36328
19449
8043
7517
35370
26982
29494
6217
18730
6879
4881
40882
5252
6657
936
37053
1420
19285
3068
654
31974
9851
26962
18519
34421
31962
24122
6224
13574
29167
15925
31075
28843
7302
4786
17326
41292
31865
30349
36030
36398
20259
12148
11774
29234
27227
27676
32440
35805
25681
21095
15427
7380
31870
18929
895
9525
8661
24398
25686
17771
23052
9130
23088
23529
12621
10466
29769
19287
8021
31217
4965
39982
25408
18409
1951
5374
12474
6388
17920
10457
192
5791
13364
30202
20414
26138
15707
37027
9860
9421
2992
29085
36179
30235
13957
35304
9867
21057
9662
22254
8725
13883
4601
2960
12754
16290
12334
28764
24609
27944
18033
2466
31026
34604
22879
39770
23220
17910
32531
39366
31296
39139
19711
15474
6741
21472
35107
22921
26460
14326
8805
13510
14956
35983
29149
12236
40972
3826
20329
24982
31644
37691
4910
23448
6463
23023
40948
18820
9963
34299
26873
16298
7189
7966
33097
26584
6106
15112
10831
4142
24333
894
13538
19884
40259
29596
28659
29581
32780
5494
3182
4285
1452
3670
26522
29200
14049
9408
39233
22513
6348
15545
39089
12657
34619
30401
1382
14532
16968
2618
9861
12420
12926
24397
12952
24442
2251
17271
23966
41275
4737
28567
31169
10914
14713
14615
31277
9062
31950
27111
19149
30012
23160
32736
11169
30716
8325
36075
9651
5098
20765
11699
28341
3993
4448
4833
8505
2507
9934
33489
32887
9443
34999
18938
2878
17908
34094
115
36358
19444
19075
26591
9526
9507
35490
30112
23957
28875
40540
37839
40928
30052
24707
16267
38192
3746
16923
23090
4607
10002
20429
16656
16159
3201
38013
15371
24244
21009
14377
15786
17522
39407
8726
28747
2008
2381
25506
2450
31898
38923
10824
618
12564
36202
31405
17923
1767
31824
38409
2675
9277
30736
22218
25075
5582
11392
37265
51
24667
15581
14737
41284
10932
28115
13237
33073
39442
4876
18023
20903
21824
39706
35290
34757
3084
26211
20089
39473
14879
20027
12587
32065
35708
2986
963
29047
25765
39919
17958
30683
18505
10726
17540
24366
11572
14634
25007
1255
22835
31410
2327
14048
30568
22150
1364
5912
21032
1890
2698
20866
6264
20999
33274
35898
383
36839
28053
19044
5149
28464
4180
14926
35901
39201
34775
6792
6516
16706
19111
21634
15106
17609
40393
11580
11573
6553
24851
32679
14444
16624
4002
33328
18675
38916
2812
18684
15235
7244
12042
17483
8361
11882
39155
38495
12800
40315
40913
36734
28470
9407
26244
34594
8067
36817
15073
40017
6537
12858
40721
27314
31820
11473
13532
36334
23977
15238
28020
860
7508
10225
10326
18425
23734
8895
1723
40634
26882
30178
18666
36327
21831
41162
26496
7712
211
34556
27758
38387
14346
15888
36715
36397
3898
14248
28146
35543
16913
19108
34047
11122
5246
3944
12749
1902
8614
41235
33918
3940
1302
10401
33041
27877
25168
9027
15005
490
31189
36118
30627
12050
18563
39912
38462
20491
1708
36
30525
27113
19927
27739
40090
35449
505
17707
17621
27947
9791
3522
22198
27322
4993
5003
17701
28561
27439
22258
3024
24168
31655
5236
40982
6111
3193
10171
14118
18589
12914
16436
17422
12132
7611
38593
1860
37706
20242
3666
30618
24857
510
37694
40931
17765
11632
14579
11824
27104
10317
32277
29219
3340
1934
15754
40099
19499
2851
34609
40060
9199
13800
24974
6749
2682
12610
12008
9788
1923
31784
8492
39466
8351
7796
40188
41476
10904
38966
2484
38358
32559
22146
16143
24301
7071
658
39003
7558
34308
264
23019
40388
11003
31216
20222
4946
21762
40347
937
21971
12317
15443
12169
9924
16976
17834
35305
40815
10082
37778
21269
21699
29885
7339
14678
37978
10412
19078
5678
30728
34438
31546
15123
17992
12397
22517
30492
38164
39796
206
13166
7166
23300
26538
25122
13875
39209
38420
23577
5289
1373
17302
31148
22650
1170
27175
19276
4617
39343
38919
21217
2681
37154
2063
970
2705
16244
33636
40748
7098
24961
32731
32705
17839
33711
17785
5718
14397
36945
34792
31314
13810
16899
833
31500
20727
25604
37404
30666
33452
199
21233
34893
5477
12969
4651
18091
34064
21225
33546
17842
31193
19866
13251
19220
31719
20149
36925
7579
22795
27162
20439
13182
26661
20206
17290
12866
9409
34616
34419
27792
8650
7545
12888
39173
32127
14420
39068
40483
26431
13620
35958
12808
7291
26097
12579
28953
11833
4835
32071
40256
1128
26192
24554
30808
35198
17218
13851
36609
22522
13188
16206
24461
13361
33844
4131
29714
12327
8929
7902
29684
6445
7172
8860
3592
28185
6780
2191
13610
15216
35952
19570
35633
22245
20532
40658
35359
40809
40013
23060
33276
1560
34869
9894
16327
21947
19595
565
4699
37582
30696
35266
20671
10608
29821
9535
6581
28241
34077
3209
14876
888
18791
18590
5751
14971
28406
14534
3373
23958
14554
30300
29553
29122
26878
8556
28211
15433
5262
22077
38425
2415
31478
34802
21090
36598
11835
7221
36529
33675
38901
9166
7423
37123
23573
30463
3502
26255
325
37639
12362
34877
40241
15290
10226
23849
1477
6894
30720
11339
26900
37683
13205
28527
12541
23794
2337
13738
4389
30713
28128
19874
13147
31104
34058
9198
3329
31447
36280
13053
2224
24902
3799
35328
13197
15734
22496
4342
39869
1162
39647
6162
905
16800
21341
14035
3315
34551
8738
8408
14179
29760
26418
10762
21582
2753
37116
3069
4907
8145
3571
26837
11455
14884
19361
39621
31108
25112
22109
27943
19984
8230
36228
21932
36531
24703
33841
11482
31795
2370
14517
33927
30476
21427
7493
36193
706
1992
29239
39113
9270
792
34881
20755
13814
32824
7082
6530
19304
28448
35298
301
5076
11230
31246
13142
41486
15710
14974
11105
36954
2815
2129
8303
31838
5158
20407
434
33829
30090
7743
882
11195
23857
8275
24718
14757
24354
10695
9755
36204
1580
21498
20650
20953
29435
26147
13245
39163
29668
27612
20441
36005
11721
41445
30439
2747
32642
11627
39938
37413
3142
1749
12063
13685
16323
33752
31209
36723
7752
37710
391
5889
21278
17872
35090
11439
32627
21419
10848
19385
40283
13674
7185
18004
6179
32259
1216
30159
39785
38840
27848
18285
28430
31650
17477
5517
29579
17166
33747
20357
37
34955
40720
9187
32106
1476
20990
16817
14973
8918
15195
26757
7107
16531
8433
17433
33674
18177
35790
7239
2126
10140
37034
16909
18647
38242
38979
5310
11060
39821
1269
11742
12177
8424
20764
7882
9811
40260
37082
38859
7918
6621
17114
25786
20752
18200
2577
28858
29857
34124
33653
8442
10431
13653
33699
4331
22664
13660
23058
2020
15465
19587
27347
22493
13427
5126
2451
29856
31187
38763
21720
33065
30884
36218
29872
17473
10024
11510
30753
27309
18925
28282
31102
24507
6711
339
9839
31432
5129
13374
19242
7503
15310
39615
38354
11592
39859
40553
36978
40457
9159
36461
20202
9251
19968
24453
35005
40811
3520
2138
15900
7570
4503
21560
6620
14754
39894
20408
32381
7530
14602
21807
38126
14796
75
38628
36356
10514
11576
23332
15308
13343
18220
14247
26753
1213
1337
12568
30909
16811
30791
15466
5183
24225
32976
21346
18263
15498
13138
2269
13331
26370
26042
39369
9312
22868
27782
28794
19641
37647
38052
39200
39249
17885
27326
15880
34250
27749
17223
33738
32607
1736
20235
1298
14215
20651
28412
40509
7717
17666
24142
2697
17721
34443
15764
24058
8974
10165
38390
38109
12940
11373
35393
13767
2494
18639
37324
26262
31035
28308
28385
2352
40551
38049
19397
448
32701
30304
22065
30534
24377
6651
8530
32090
22144
25470
33869
8710
38253
8787
27424
36893
35547
18943
6826
27329
38705
18444
24759
15128
34429
26270
8719
21358
26156
13092
22758
40109
97
17234
39265
682
8052
36017
1956
39550
16991
3699
15739
39306
21701
15824
21189
18812
31420
6182
5808
2938
19948
21804
38228
3837
24794
39851
26688
25136
3396
36018
38041
24720
17369
11693
21890
2699
10959
27334
1697
32412
11932
6415
21882
23843
17692
28510
37126
35913
1166
2550
37169
7549
1970
11203
25117
3006
17919
4722
19522
29025
35804
9932
6580
40750
6748
28312
31136
18847
32333
3599
25150
3627
16314
797
495
980
14329
14417
32774
27269
40800
20447
17332
26413
29331
32676
2629
15519
11760
4656
34305
25628
679
24753
7008
32819
39402
18010
36728
3533
41099
26881
18640
9764
26208
37986
19286
20394
31940
15737
31875
38227
15151
22932
37199
31353
28655
19922
38638
16783
17465
7359
35474
24521
3333
1716
11922
14725
11881
21552
9949
31259
18509
10060
16972
2411
12650
90
39083
25689
6664
3575
18915
4260
32698
39969
832
17094
35886
36091
7869
21569
22412
15379
5971
14092
14505
8372
6864
12488
40941
10416
35835
24336
19077
25348
37377
21637
3268
14679
12007
38182
2100
36103
19674
31049
24050
28991
533
11805
7494
34226
36019
40459
24365
24918
12651
38133
19599
20742
8257
23865
26023
24840
40370
34870
32078
10923
22284
29800
24871
33380
12211
37315
27168
18948
428
10851
30453
11381
11740
9083
14849
23235
1861
37646
7369
3825
40803
10056
10926
10712
17504
10048
30567
40725
37546
34734
37835
8390
22557
826
14496
16840
40308
16058
8460
6340
3505
13164
10151
23319
28355
39
11860
36683
18226
28259
18984
19237
3843
524
12075
25697
1497
40715
5055
6988
37207
34057
27340
40513
23606
18031
14102
13485
15638
19118
19656
21687
4888
27212
33864
21012
40861
31589
36674
14443
33427
18183
36249
9399
1859
17513
9521
813
40096
32931
39515
15750
31139
39881
33536
18933
24049
36456
37402
33729
16468
3673
37535
2661
31624
26705
26898
21171
20373
15899
26439
40579
35271
16865
14869
34258
10869
21294
38899
7290
36975
4422
20309
32944
19288
16789
40246
27009
29808
5648
4072
18281
28432
23039
5621
11991
35418
18172
8263
14786
7809
39926
1506
27890
30093
37934
35006
8855
21834
2283
26101
15296
29319
2567
22676
16537
21758
27495
34738
22148
2256
39540
37237
27557
17932
6844
8249
6640
35013
16198
9333
24481
9877
374
8531
37260
27839
30608
22791
37150
20830
41303
5235
21656
31397
34874
8537
10606
33501
18442
21360
10287
41267
22157
23731
4103
37769
41209
33140
36917
31834
22212
6360
29254
19043
9244
11499
18777
11314
2428
15135
35295
34513
23626
30480
25373
34255
1845
19741
27552
16129
4638
9698
14712
40692
41013
39261
26432
24714
17011
24764
40205
28806
5128
33202
5555
14915
38240
8008
17377
32113
10474
2781
9301
25047
19152
17933
8089
3961
19391
8968
21538
20171
25225
1914
8910
16178
27828
37229
26684
9872
30070
17830
12908
12753
15516
5681
34473
33860
22165
10748
33170
30426
16890
1396
32754
37132
32623
6808
2588
5113
19722
28636
9343
40541
39188
21359
19470
16155
27192
7093
9046
34112
38027
1129
27641
8332
25550
9274
15953
16945
10464
16651
18164
33264
2917
9917
18187
23031
32636
26446
24583
27570
6371
38632
4487
17484
36897
16967
13321
31712
21338
31846
37384
9538
8939
4753
36110
14114
14733
32558
7451
10365
31848
1926
15029
33006
22571
28550
37574
1021
11411
18677
28167
19992
11209
19655
34023
34316
21866
4925
12390
29814
8031
31917
41233
22318
38203
801
28634
19489
36460
21909
8914
29038
2432
9094
28238
17092
12107
36888
1591
27450
40313
34629
33850
23820
12316
15813
5095
33223
33064
15385
23782
37106
35990
1087
36224
11635
4007
18426
32016
39423
218
36374
11582
9479
12741
16762
13351
33128
18286
27801
40939
40753
23432
36158
30942
10197
21501
36560
29267
20591
35847
910
21616
16164
18284
4679
20930
3609
37335
34166
38588
22185
26816
36165
13012
5632
17709
30224
33139
22308
35788
19635
15269
5786
26587
36735
21674
27554
33920
41454
29002
34472
30912
21268
7265
22392
4132
40894
18188
395
36252
39427
26920
457
2825
38067
37960
2904
8369
12720
19029
12672
20856
8962
27
32791
5503
39403
34790
20529
21287
37922
17931
2671
17212
10191
26114
29737
38423
17460
284
12228
35677
70
18849
9126
4163
25084
23076
318
4867
11588
12150
40875
27763
10620
10816
11732
24215
31125
25768
26578
8241
14750
27002
11027
18852
35368
17063
35296
31408
10368
18705
15972
35242
9518
13250
16054
6927
7762
40564
17498
18062
11246
30731
18243
27352
21539
29963
3704
25750
12398
33919
7374
32904
26318
10607
18576
5323
5658
34836
8836
32224
20232
25530
41241
6419
11964
40458
2206
35475
49
3335
23025
6395
40845
33998
32651
14824
29839
11261
8136
10727
28767
27559
37818
22319
20114
2829
31602
31253
21987
14013
8373
21814
1000
35319
27455
8342
25543
13693
12981
23621
37699
39691
16541
20406
21624
37808
37309
29803
12003
11183
24380
33713
29572
2620
22216
17358
12991
19613
21097
14566
40855
13353
2944
6570
23582
16853
13210
6830
29293
14768
35012
11430
4850
37733
35383
32478
40574
37525
32586
9266
26889
25794
33173
2617
30222
38910
21313
11541
39257
23735
3925
30286
19172
19899
7474
31935
22014
25099
23506
19580
36670
31986
5525
19680
33324
36516
21458
14368
2872
10
33910
7408
33810
7677
17346
40713
13614
4756
33420
35323
7149
2692
4827
40661
13603
37944
38326
21916
19609
14490
35881
22779
22709
14213
9297
17413
8874
20374
16154
14986
20986
12256
18998
17565
40235
2339
41148
10075
7065
13156
36308
11427
7414
27547
5099
8657
26344
39234
23136
20780
18470
29103
13632
28589
13727
8658
16896
15103
7232
13593
22654
11257
10557
26058
4087
25490
36074
24328
16261
34375
5970
31242
29756
9288
24221
4316
27415
5771
11916
14865
10996
31936
23146
14403
30715
8932
12381
14171
37831
7546
5476
8813
17895
30882
8629
15227
4566
12801
35317
26221
31054
40440
2388
23388
39933
40597
38137
2553
37467
21133
25653
32973
36109
4240
1722
22134
40276
31068
40794
41432
28962
26074
6692
15550
34808
36190
22405
4376
41402
35632
38582
30487
4580
15705
30098
39600
21235
11433
16130
38930
39532
6717
29953
31040
8234
26067
22478
38091
1401
39227
32846
30827
36503
19917
39734
26459
16451
36063
21056
29266
25762
8389
40851
20528
23882
19374
14664
21406
12569
4942
37649
16742
7344
14164
28082
13036
18036
27858
17668
37600
23562
11871
28512
40172
32476
21672
5346
16184
3671
30292
31469
20824
10815
1824
2836
29107
38061
3705
24191
34256
13799
31930
34274
26041
36668
32151
32176
40519
7585
13482
11404
36070
3795
2788
20436
5291
25699
35893
36860
17855
24878
15199
3513
23654
30166
28870
41470
1068
6094
13947
19166
9335
5133
36490
36232
32673
17066
1432
37400
7656
28016
4246
27184
17467
37888
14353
7338
26277
28021
20859
10388
19910
29940
18761
11688
39055
5869
30711
31773
34480
8268
10506
3120
29539
36900
1645
10133
24567
11827
17277
5300
4484
4032
30676
13961
5324
20293
15188
27140
950
16964
16219
5929
32645
28294
23917
17890
6916
29904
32454
26497
1459
358
5543
16045
30906
18397
11111
9743
39498
31659
11058
2670
22826
39194
2311
3243
22678
2139
12724
8884
29642
30603
34889
19048
23045
36351
38805
5583
2817
34385
16489
3621
5136
31066
3841
28915
5424
32177
7588
26454
29176
29748
27990
31511
12197
5595
3465
40455
3485
33857
24852
38430
35000
4044
9283
39507
16151
36274
1874
40445
3271
6433
13718
26298
11628
6014
184
36786
36716
20906
4292
5402
41035
33417
1201
8733
5618
10776
32542
532
28811
13018
17192
33291
18315
30990
27230
26407
23375
3186
35031
22896
19849
25580
27934
18489
10078
17124
3689
9411
34510
696
18401
4973
28728
38544
14245
4809
7694
16979
14699
23559
41192
15441
6167
38939
14875
24835
40473
9398
6622
7601
23423
23191
11966
10014
17168
34755
33346
2972
20335
19161
14234
14512
716
33750
1404
20082
6334
29875
24730
6593
40605
29659
20179
10451
7334
26770
21695
29353
17535
23956
12268
33716
21454
20000
8498
34657
25891
35573
12323
39149
39627
40618
34809
32189
31001
36023
39480
11722
32971
27681
17696
3389
266
13520
20266
5492
31841
29584
11259
11414
36530
26679
31982
2128
15040
37763
14060
17903
7883
6655
11780
36215
36776
39889
27196
37661
5337
3798
19943
21643
10438
26066
31192
18957
40784
29555
4922
28088
6777
33044
29601
16740
11940
21136
27712
3740
6370
2813
9734
8363
9981
23797
13311
1022
17382
12393
20031
36972
26047
15548
472
34678
27190
20928
40790
25118
18701
11959
25810
3263
32877
5455
2233
28337
40466
28581
41170
12975
25046
24752
33782
24658
22527
20646
31485
25164
23893
21372
21363
15958
23537
16653
25467
25404
31896
7969
9582
16535
21047
29761
8051
7618
18421
3046
25556
40747
36135
6707
27606
36294
39373
3756
10284
20969
17605
36342
21405
6965
2855
17087
14848
635
23767
12884
11578
33497
41117
14790
27833
37620
7112
36750
39654
17280
16617
11359
18485
29277
34161
8005
10447
329
3198
22681
4048
4150
19896
1473
26546
14582
8645
4523
3298
23564
36497
11849
29244
9315
34013
27864
28883
28469
6668
15024
34276
12356
13368
29227
11777
18415
16031
19346
31692
23526
36408
27925
17236
36482
203
35943
16912
21125
25870
38014
7154
25751
16029
34960
19891
37430
34312
36521
24032
5936
9794
35208
5562
21247
20656
19154
25496
8034
30924
5435
7271
34890
10239
4685
9051
38185
11519
34317
18741
3164
9152
332
20524
11878
39097
20310
32578
976
28289
11764
10164
28200
10387
7566
21413
29981
14941
34990
1955
5382
23147
19216
25361
10422
17684
33484
28010
5710
232
4446
22444
15284
6929
24950
35424
10261
26718
6478
26051
22083
6301
30154
13446
15714
38483
1903
3496
5397
12040
16101
40583
6358
6873
9563
1133
22540
33846
14488
22154
24438
11012
35673
33189
24288
35757
13635
36909
36841
39848
2096
27086
16458
5364
4715
3365
15428
768
19835
27083
1143
28791
5216
41363
15479
9533
3022
3512
33442
33488
28694
38873
29599
29690
30452
8271
6778
12224
1142
2864
20363
37087
25779
6350
9232
24089
40320
20602
32536
40880
28911
10228
33591
12359
38466
3102
31343
11702
6147
12638
6913
33375
6078
23998
17715
27736
31961
39725
25242
30983
6389
8943
36963
31578
23839
3284
37292
18594
26703
21023
5506
28049
30979
9896
18349
25396
11523
15344
32968
30188
10794
9226
36365
23425
11242
31565
32688
31902
33921
38560
35378
21014
1062
36092
27821
27804
36829
595
29123
37788
934
11767
6422
9948
14301
30207
4758
36435
26305
17384
26469
28982
16917
16288
28932
16949
17308
18213
8922
2379
20595
60
10938
13834
22382
40681
30789
10668
18365
38038
41381
4599
22005
36471
17584
6218
39685
19121
37997
39062
3372
28342
29011
16604
4537
3305
15286
16096
37715
34530
32930
18813
9037
27160
26272
40589
34504
29150
12287
7956
7477
1174
31130
18911
25858
35837
8085
18546
2572
24128
27359
3703
26862
9933
10509
1893
9813
33980
25221
21908
20523
24359
368
24379
26393
3915
32044
7415
4558
22901
4817
32593
22919
3716
41500
19750
21471
35439
872
30483
30056
26697
6036
34329
25933
6926
22733
20623
36923
7206
13397
30719
7231
7173
10761
4476
36080
4081
32892
10410
13826
20425
6085
34980
12520
30327
39166
30429
4914
13898
35657
17188
24646
3766
22454
21241
4426
12058
31412
40622
38877
33284
10723
13476
6390
18337
31698
4065
39301
920
23645
34827
12118
18494
26198
408
4779
5041
40258
23175
36763
17749
40051
26865
17243
1215
40905
414
4719
28206
11295
13531
22210
26355
940
31332
24844
13112
3130
710
18535
32706
26910
12481
37519
34969
5185
471
32068
39101
23237
29255
9999
4224
28181
27993
22172
15738
5938
22018
9063
17682
24509
23511
9430
32386
23909
38647
21677
9731
4335
37780
37584
34797
40050
18448
5501
23402
24680
16692
11719
25719
19176
6523
31472
40181
1830
40867
39108
23348
26965
25243
26317
6447
18396
21618
23327
30967
25649
39564
4694
25508
2160
7613
14265
31014
19046
6820
27897
13756
21868
564
14857
1176
38761
38138
3893
22427
11520
3400
33735
23660
14817
20106
1990
21517
21570
25080
11876
34089
40919
3614
12987
3221
32039
7104
15607
20352
8800
9331
15250
30646
27652
29350
32893
25292
18199
10868
1007
11867
38898
8009
32399
34083
11517
39895
3045
33366
9247
21273
14656
27070
8339
9255
13995
12195
14515
23075
31016
22270
20960
14055
19355
26949
29960
21833
4332
8774
35593
2593
19784
34726
41198
5101
18529
10096
16753
31278
29281
5100
27811
38999
16645
14934
32548
37381
26183
22793
37743
4330
37737
19546
10980
39816
8699
14761
22231
20465
21196
18869
38827
29518
19282
14597
38066
3928
24675
6211
38820
112
37996
23169
18181
7675
29087
31286
14
13778
34261
17357
28461
6454
38578
39998
19592
16076
30185
33613
3737
33049
37901
3346
27066
28462
20775
19754
35058
25398
21379
40376
7417
37097
30628
9677
7157
2732
24812
18208
24230
37423
39849
20800
4763
30673
9673
26294
13521
8553
39732
39570
15656
23184
29438
12171
24552
30928
30762
16547
38913
22778
10775
25808
40176
29791
21011
20719
4049
37910
11287
18573
34272
782
15338
17818
34998
38160
16182
39077
41283
38946
38147
40400
26943
3995
134
34976
20615
22553
10778
21913
21546
36964
12786
10853
3734
4415
4731
19857
23824
33707
41005
11032
1116
32367
21332
11407
27426
20894
1145
22330
39424
18032
8207
8415
29129
22371
1869
17727
13328
24987
6839
3391
10756
5056
30537
13435
7827
16461
26593
20413
27319
12522
26526
3594
25663
18001
30100
29977
8027
12714
31646
33290
15876
29895
10399
27514
2683
16577
6250
13730
36998
15211
5735
30040
241
23490
6675
4805
38296
33886
20915
40196
520
27350
19370
1136
12048
38274
39135
39246
29472
37884
22295
32807
36762
19578
39444
34070
24721
29569
16459
34569
12976
28303
14045
29316
17279
14847
14991
4113
23103
10202
41260
33931
6505
31713
7479
3065
35316
5768
24097
30381
2046
36105
36337
21613
24156
29570
29111
38476
3044
35922
37140
21993
35022
4019
30249
36493
23798
3218
5024
33885
10114
39297
9812
21967
9196
24046
35944
6906
33309
13327
39494
32811
9195
33467
34051
6402
6841
28057
17127
6065
6897
16884
4552
11801
29942
646
39741
34451
36196
36547
2186
38
14251
38726
34728
38331
33623
733
4368
12980
34026
9830
21017
10651
27556
18726
3742
37327
34387
39419
31117
11941
10862
14642
9644
22788
25948
32525
19493
20735
39722
36979
32990
19040
30729
252
28616
38598
25746
150
34306
38243
28283
19119
32000
25163
36200
33402
12847
39521
11779
8149
34668
20256
30437
9258
35873
38477
23744
37809
18893
25557
23923
28293
1913
25413
10203
36169
25745
15505
3257
22452
26724
34328
15523
29471
23209
27039
38917
29545
1175
1881
21960
7944
18051
8029
39334
28254
21439
37280
19145
25559
30142
32933
13219
29530
14969
1284
20685
22920
2613
23858
14140
38796
24484
17415
4838
1997
31923
13055
35134
17708
31017
35822
11676
26297
21116
1595
12466
9648
8994
8973
19336
17543
31333
15731
31600
9216
15055
39592
22832
36459
32760
13312
36807
35999
5553
16491
5335
10108
7811
38487
1283
5679
37700
3089
27225
11130
4361
25798
24945
6961
18748
33924
9910
35709
23740
39112
22792
27017
20225
28244
40666
2467
40135
8148
40482
21671
27629
24949
39769
28111
9087
7603
5914
21048
4583
10064
40384
36519
29552
28175
30016
34494
8401
28859
30420
33870
24671
7729
17574
9695
14650
41059
24123
22424
38293
8420
16918
14182
30805
9049
3867
26478
17015
12305
24477
24382
4321
11736
32024
10566
30279
24020
40111
18742
31828
27725
8727
30680
23971
34689
41264
32147
17812
20333
33475
22449
36496
39396
6485
13647
37393
29573
36927
9269
6956
3901
23178
37505
26178
25791
18057
24456
25229
28569
17420
30196
13981
40676
13168
18313
20403
13703
30671
22128
13564
32940
37908
34590
5528
15743
19379
22009
39578
22928
29475
15491
30975
12181
4451
17604
34251
2245
29488
28935
38670
33641
31212
3402
33780
2178
27500
8287
33070
236
25823
20327
20472
29294
445
30344
17000
12863
31506
27499
41252
23061
33795
30776
35825
456
32905
26796
34710
31775
11714
17221
37249
5271
29516
582
25510
25025
7648
28348
16807
27534
30558
38609
35937
13069
11179
15642
39316
40489
24716
36697
20808
8002
11091
22798
23346
24331
1815
32929
1932
28156
477
158
20241
12542
33580
37395
9591
1440
5117
14701
1199
40511
36396
41481
29818
12014
36364
33851
10739
38007
16654
23227
35891
41401
11025
16733
30168
24152
9184
29044
10806
14030
39840
3771
17454
23854
29897
23581
4802
2690
22844
18260
11094
7929
876
35938
18697
37508
4482
7535
4336
22310
35233
19549
39298
9186
6520
11098
9841
22757
12677
14924
16721
26463
32958
15605
10308
10901
22898
20664
27151
25402
10174
33017
40435
10403
5987
30798
13576
16203
85
27894
30547
37827
34031
37680
35385
30548
22430
16441
33916
741
38322
40028
35010
13835
27698
41254
2414
8049
17617
18443
8475
884
36462
17801
18163
18773
24109
13078
37930
4935
27545
13575
15395
38235
20701
3383
37230
15490
22457
4528
19196
15609
32786
15048
25930
7825
16099
2523
200
10548
5160
17429
27480
39773
13896
29609
6019
37668
9289
5388
14269
9095
24576
18936
34040
18404
39593
10931
34536
15062
4717
19277
19295
4713
9231
10007
15936
20889
30057
9904
33371
23234
39475
28779
38108
13668
11574
30809
19956
1458
25513
16812
7916
16217
24212
38397
26217
38201
29360
33922
17571
32681
38627
24776
16605
25353
13431
5853
9613
10814
39860
31362
1135
33506
8900
22429
25374
37603
37583
24347
17294
35562
10221
35502
24429
11353
30597
30747
7420
34716
10704
36794
12095
9501
9100
27735
20913
31877
20974
9486
4489
2208
27370
15437
18704
20060
1688
16640
37166
28023
19836
17832
9873
25951
36366
5331
39715
195
16823
13097
30742
40719
28326
34044
23391
17756
9282
35882
32283
36127
26559
24150
30091
41121
13542
17645
5549
37418
4540
14378
11855
14960
35608
20668
24813
15992
30348
39910
37408
23266
37217
23933
16986
33588
4894
4803
38991
24697
38760
20036
3111
14942
1619
38590
1408
31615
1661
13578
12815
31285
24628
5130
38139
10825
30691
35230
29198
28591
38589
7428
4908
2910
30816
39993
12632
23980
1158
27847
40518
33393
9862
18924
20871
29697
38279
21846
3709
41466
14268
571
15326
11613
15391
37068
10099
20288
20878
23579
39259
11915
41137
27299
12702
36466
23114
23685
15072
34302
9829
126
1684
11048
21845
1609
5193
34671
17630
33147
5651
17693
29090
25590
2163
35892
5023
27774
17999
14746
14829
2752
25463
11345
2262
27345
29766
35778
683
26841
35016
30563
896
13143
2014
30546
13278
33105
14100
25925
39321
14195
41194
23489
24786
28153
22677
1351
26022
16520
30128
7467
3152
16680
24421
14018
39601
17968
28828
26096
3556
18411
30590
14357
34596
21024
19966
1356
11125
40286
21855
12708
6850
27994
829
17312
32572
594
25667
21874
40141
6408
39270
40249
40478
17827
13615
15566
22895
4790
9127
18890
41340
40159
19332
30896
26020
21004
18289
11498
23999
16947
1122
19860
19310
26652
6572
37597
25542
2056
16218
19202
915
7188
25581
28627
37434
25389
31315
8497
13920
24766
22607
18433
37103
38730
20195
34694
756
16532
20875
5671
40927
19593
36545
10100
39987
17491
10956
23138
14540
16665
30625
33767
11137
4834
39644
1257
13060
37488
36410
33522
4059
38288
22125
2842
2925
13286
2356
30282
28189
26893
39599
40665
15641
13065
34103
31231
7771
1520
12834
20068
4578
8594
26557
16286
1782
23073
8011
17438
34712
11252
24184
34391
36389
5204
2951
38414
19230
26391
25958
11046
29492
14466
24738
5788
6529
30897
33703
17499
13006
40652
13691
24194
3076
20033
27929
18374
9285
38019
441
11854
13076
31382
21015
7400
18927
22633
20652
14556
23668
8561
9609
22620
21534
37206
27625
8794
32545
23534
29676
28664
27856
30944
36346
10402
2528
31476
32835
7017
24627
6170
30530
23596
32469
27390
999
38482
23795
35511
33069
8448
33524
30744
574
681
13570
30503
30771
36752
11075
36104
16147
15141
27058
20221
22282
18865
21309
10184
19694
41032
27996
26301
22107
2463
23629
33833
30251
22971
5396
6439
26700
26860
9735
14460
13317
17787
34061
21258
6150
2707
1296
11053
27812
11757
34052
35428
21169
23694
9987
37464
38352
30214
23869
7578
15918
25631
17005
24258
33689
33431
7782
2558
7576
24821
18567
37526
23441
27595
13246
22315
4060
12904
33519
30030
10897
8634
9141
2654
8691
20643
181
36557
1669
8170
17531
21149
35015
33
34680
26295
35110
23761
22062
12057
3110
9703
24265
8694
21692
4981
40773
37079
2133
35558
32448
24585
29211
31866
853
39123
9615
38651
6704
7572
25892
39774
20175
18507
28258
22690
36589
32678
21364
13348
29840
17479
29291
18537
3950
5224
1715
15683
7619
28718
35406
10585
24063
40578
9011
15435
16093
7948
31823
25173
21698
19658
23680
11006
11072
38459
12302
32831
26925
23223
14067
2446
31836
27234
38533
39156
17870
34303
26487
32203
22660
34756
2737
33190
25327
19014
2338
30234
7109
3170
29593
30125
34794
26038
36258
26847
30215
40785
18265
33215
14110
1883
13859
32309
7686
4439
26258
36214
16969
550
1046
4562
38000
643
35640
796
9627
33710
19338
23352
37412
25766
32123
9240
10875
1553
26660
13456
35645
33476
19590
18352
14920
40460
19421
8068
39337
33337
8489
41234
7088
33604
41423
20063
41056
7523
2242
37218
4424
11651
35533
35435
11379
7803
4912
15450
34948
36960
22924
31190
31032
9888
35907
8222
7731
26234
37675
30007
24728
20006
25931
23280
3812
13103
2811
12172
30403
19973
18743
26347
1566
7194
30260
40127
38325
3080
33610
41167
11480
25012
22958
25906
19804
6174
18493
366
10757
37845
28972
16957
38291
2374
28848
3482
27101
16588
22497
34698
9342
7846
4896
11249
3036
38656
32363
21631
15175
16276
28706
29013
34206
10610
6912
26040
9827
40325
4781
39595
35745
24575
22566
17016
28012
26831
25507
41314
12751
11220
5607
32581
4468
4057
23008
6542
9404
40608
7627
28810
21849
32419
8292
33400
33415
37745
10859
1579
27479
6935
21016
12462
20817
11513
10373
10772
32282
41106
16880
17406
5981
39478
22402
24197
21289
1832
31378
6898
33845
946
31457
824
40635
20219
38365
20541
4379
26867
10084
40344
7908
16636
16833
20627
14937
15178
9228
13853
20911
14716
39499
8101
35924
10986
33419
5011
37000
28026
33912
27661
37289
38442
3565
5166
12080
5672
33292
21108
40238
4021
20536
33690
3695
36260
39353
9660
11530
1541
21810
41036
27807
37398
1998
15011
2429
36919
23487
22063
14801
10269
20209
11610
31588
4036
17402
18012
19720
37949
36662
18687
11589
25713
18607
27538
39782
15629
3927
31963
7533
34361
17791
30655
25814
8259
27400
4811
9584
12033
28420
30375
21559
26310
11772
13031
41221
35078
12097
5404
20381
40383
7399
14273
25492
15460
40828
20307
30700
2127
33150
7910
3604
37107
23759
24188
235
23244
33083
24454
6474
31843
21883
8862
31423
25187
25269
3176
36575
17844
23705
23817
19935
8394
33868
2493
37761
38785
36163
38454
20893
7912
36994
13118
28712
40123
23813
6832
40083
19557
5146
26219
21018
12116
29296
31892
2189
28593
26823
27772
26397
140
18550
15042
30783
15289
36737
7538
41243
390
20850
20863
7723
12415
15184
23
1673
17099
16070
8090
12013
27608
18876
17237
15686
18209
19946
26346
12479
20163
17449
25103
10854
16134
6510
1188
27972
30379
7556
40585
7735
27551
33195
27238
8463
7434
17667
12408
20460
34365
17201
28516
36663
39688
466
36354
7197
5799
31909
25143
38043
22078
19678
4693
1101
33685
29948
26671
3724
8406
41452
37693
4557
23793
12958
15877
22288
25286
21775
25607
21377
14029
8371
34024
12825
35077
4339
4714
18853
20868
39697
36701
22475
5403
12250
20771
39838
37805
26124
1982
22765
35860
31424
29429
4527
19507
39197
10478
25633
13972
17555
32289
11062
32435
20384
22016
30623
5637
28696
17486
22982
9349
19263
8621
20471
35104
36207
19168
41006
19137
5143
34630
7560
22625
38116
21881
26597
29954
35102
41072
6125
33293
11820
29531
30846
33304
27206
31680
30266
1940
17299
36388
14620
21316
34779
34656
3150
15318
23294
24890
17781
33572
41001
2832
8447
8633
31880
8865
8851
4078
10580
19235
29893
15721
26119
30404
1180
21464
15847
30994
15627
5737
19114
34294
32096
22352
32335
24010
4830
4279
3419
33423
9021
34906
32720
10507
20815
29774
24926
5176
19317
15297
32963
38781
20948
32880
25041
1551
9293
709
27618
31360
13717
17053
657
9809
24791
34001
39809
28835
36740
12770
13680
37477
32018
12113
28274
40328
16249
30455
18225
13154
1683
34878
7835
13382
28544
31967
31637
2623
14095
3180
3554
15809
35874
4198
2955
4677
23062
28278
22048
11679
41409
23684
8536
22004
7061
33629
680
15521
20606
13856
14755
32592
38486
19605
8000
4281
35588
12242
3969
18312
36488
11752
29698
762
18453
5813
748
24912
1463
36277
37540
36859
32265
28382
18078
3844
21904
30592
24689
30793
26956
39131
29086
31664
16751
21516
9732
37338
4230
38620
16272
4868
21301
17950
29707
4536
40405
25911
8161
17417
28833
18276
621
19209
40300
39927
33831
38646
40812
22463
30670
14023
16673
17729
8457
12438
33749
13272
33821
12131
38087
28094
33658
8289
16199
32697
413
32378
30587
27553
17593
36782
22448
29333
19318
4511
35181
3256
25071
5692
30677
28840
31236
31330
34484
36581
41184
5900
5992
18018
41288
8203
30745
18347
29782
3481
15585
6397
25148
14231
3048
16559
24245
40866
38339
26937
1342
22856
38751
4851
22702
22068
14280
32533
38159
11659
1371
2626
29736
7141
3498
21734
2594
18247
29105
19795
28701
7672
26779
18733
26349
27917
21
38889
39044
35701
29751
30080
27324
15929
31847
28613
17796
18823
25480
19297
16881
9676
28721
37134
33026
19432
19630
6705
22038
36576
5731
18146
41282
12060
9697
4997
33934
29577
17023
40316
34321
39590
41403
12515
28321
30796
7120
35875
5696
2253
13204
26100
11861
38637
21214
9602
3530
40027
5901
41178
11555
16139
4205
2532
25485
20096
5647
18795
10951
4553
26971
36409
12927
18526
29645
26729
21811
28964
5416
33023
7432
33283
23930
11264
30853
30103
8573
32015
27276
34579
10637
1516
10655
8947
2012
12142
12517
4250
37543
33459
26030
351
21049
23753
20304
35821
24708
6175
18825
38934
31757
26752
29310
21385
41396
27771
34620
73
8214
30321
14149
15464
23721
15033
33763
6895
23488
20166
31413
16013
27979
30411
35610
29372
4567
41050
38548
10340
39191
8703
6921
11619
13101
12478
10153
41012
3096
17563
39586
21340
3099
4400
30550
33515
8963
21951
9635
37104
34586
23214
13644
1415
22969
37038
39413
34209
10392
11747
20139
2035
5070
36855
36499
37881
30570
25042
23232
22406
6486
33334
31887
27164
39714
19996
8957
3619
20978
17981
11054
28372
31381
38878
36156
38687
29888
33485
28839
3285
4276
14484
32416
162
27688
21086
14218
33632
29486
5570
37705
7921
23414
8894
24969
36054
16112
31709
17084
31051
7360
1981
2888
30692
3229
21239
25129
36279
16929
15779
20632
1878
13598
34599
8885
36485
12178
28266
14944
34178
24772
29347
24731
23805
9528
24706
34984
1484
7860
18539
5694
20359
25260
1950
18482
32675
28966
16761
23891
38480
2015
12121
39954
17876
4671
35386
33126
19999
6789
7285
22006
32144
10155
6067
14125
8904
8250
19144
20614
15947
4505
12448
24787
33626
23521
26164
1248
36421
688
3625
6191
1538
6364
37887
31244
29848
12918
8883
21063
2892
17986
12997
13612
3169
14472
873
8903
215
24439
35668
18711
40979
38626
8509
16850
24944
14400
19060
40414
41253
310
17695
29453
35202
25780
15875
12413
11481
6952
12793
25264
28939
30759
37498
30069
9248
6721
40893
19962
15149
28078
20072
37989
18301
26057
9361
31915
12646
4538
35254
15268
28572
851
7396
29878
36078
9989
41149
33132
23479
28324
3002
23427
10473
17977
1618
16552
18568
7564
15380
36704
6533
18860
31375
25680
5716
22376
19484
10406
27506
27411
20303
10454
9113
22000
40250
16320
20907
1724
32722
21763
12633
32093
33060
3133
27657
7534
33628
26813
19148
25669
36083
36424
33592
10625
11059
32913
2764
31355
38650
35519
19822
1099
38602
20136
31302
4362
13145
31058
11696
32583
40132
3654
4371
26108
40722
40961
1120
35035
38624
26926
19815
11135
4739
26182
6367
14407
29332
23143
15628
26740
41057
7352
23646
21586
20113
28401
39318
2625
21978
22220
24295
20389
23600
29080
29849
32639
3786
14674
14936
39305
10505
2520
208
34840
39923
31044
16017
1554
14429
13546
7132
5411
33050
34230
41349
35268
1817
27211
18214
20412
22975
5871
15361
14962
10840
10971
10415
26482
4877
12149
26269
40827
22443
2756
32702
1935
14450
20295
26131
25900
9836
3042
30582
40076
33093
28553
32126
21726
16356
34826
37561
12025
21383
36550
19181
38491
13873
36465
9669
36970
41428
3149
34414
34107
3793
22718
27033
10847
32089
40322
11317
36991
17941
7806
36182
34433
18599
15645
28571
25109
1676
18656
36630
18309
28822
39613
24814
3653
38522
19852
11675
26107
22285
37050
1670
11386
28359
13475
17687
28008
5512
9292
29323
32405
27876
34602
4235
29160
17752
5464
2947
4670
4419
33575
32865
27836
37692
20470
21333
6095
22110
34339
5114
21514
25289
29135
33967
24047
25741
35135
33145
6654
5684
16325
10818
38211
10028
14896
6573
6240
34353
26810
19102
39279
8964
16678
9086
7153
705
11213
23329
29728
41350
26048
759
11057
21837
29109
6093
25651
35154
39652
26713
26674
29423
33871
31050
12789
19463
19388
2272
27194
20109
10021
34154
7405
39526
15867
39556
5044
12876
21801
21713
1419
14548
9923
24524
22498
5049
40107
24393
551
14799
28992
22343
8815
15438
8970
16302
34039
7598
31873
4597
3508
38893
15834
30553
32783
3605
16513
5753
7404
17678
34578
26191
25660
24833
13465
34211
23413
32319
28866
8798
5530
41007
743
2976
25778
31515
8872
27071
32327
25970
7245
3212
15675
24584
25339
24819
2314
423
32710
25702
9032
41065
10551
38310
27654
254
37459
4360
11918
40914
9057
26856
10102
37156
12745
16419
10995
1652
18894
11570
36126
9864
20421
32730
31089
15528
18643
21335
2787
28191
800
38847
37216
18642
21518
1012
33298
281
28137
19103
4304
33340
15272
14296
5005
30767
26621
1379
17050
25988
28071
31274
8180
14111
10767
22942
3949
25130
7269
9748
7304
6024
7841
22044
9879
39563
19410
24253
41071
7363
32169
33045
18545
40058
11422
6021
19012
22925
5051
187
16492
40932
18390
2649
38372
12341
33408
14874
23994
6251
11873
21937
2516
9138
39681
25996
13203
18132
7531
33236
29369
9299
2657
3309
29949
31385
10839
10858
15288
32427
24419
9519
27208
19231
10166
38515
8875
2583
27720
9340
41232
31095
15117
2246
35852
16952
8743
37899
1339
16019
27254
726
10989
19390
807
23269
7305
26075
32219
39011
6449
18350
3480
18709
22321
28220
26931
22796
24284
24055
10911
31109
26579
18391
41031
27734
33686
21863
2915
5733
9009
33448
30245
38579
15688
10204
16187
22893
7313
2882
7580
2274
26380
7698
40208
13998
22333
15232
10370
16793
41068
15017
2728
24486
14120
309
27768
13227
14165
13689
30763
25918
3166
32064
30042
22042
8942
20194
16676
11284
4932
24876
18973
4759
32426
14358
28066
3966
9916
3883
10471
13665
6507
20083
29505
28775
24285
35979
5863
30585
37170
30155
2234
37666
18107
16973
891
6076
10906
14843
32164
35716
4821
31344
40838
8083
40500
17857
38516
3290
27708
39120
13848
24910
30523
34974
11886
16073
16138
35774
22846
20641
38247
11723
16423
20710
6302
22234
18207
39358
8785
16084
25763
16780
5311
537
11305
19039
29477
40281
12643
1529
22805
33181
9550
35688
36357
25391
31837
10866
26306
20456
38708
24327
12015
23295
29738
30110
29320
16544
9351
19226
12483
24848
24375
6294
27150
13502
23065
24026
35044
38259
9825
36686
11653
4807
4011
27414
11448
1349
3430
6852
19291
9688
39280
35638
7641
20349
23783
33235
34910
12208
31690
27166
22484
34613
11358
30228
14529
31555
13444
40619
10270
16978
5064
21755
29901
35103
38153
7640
29456
17319
16365
2395
31233
37511
19068
25333
14616
32584
18965
24348
33530
2315
11153
39207
17755
12212
1045
37555
35085
28007
906
3715
32105
35644
15542
26838
31079
17335
4532
13248
431
22831
10976
17510
8944
30634
13010
5896
20546
24066
17862
7286
15107
32495
7590
12680
16729
393
12913
33730
28343
5830
28504
16849
11829
22367
33682
12196
39543
15826
39180
28893
26158
10120
2715
1461
10527
2884
40231
29046
40177
21223
31781
23006
13116
11542
31543
1219
29279
3636
19251
21563
14297
31260
35333
35279
4554
37022
12383
20173
37862
18816
18775
36518
22105
22246
10272
569
22178
36233
32505
40421
39817
8061
23833
7614
30995
33633
24564
17136
39190
21733
12669
20703
4634
1694
19989
37256
24520
437
40100
19883
38955
19255
25876
27977
14627
19540
3141
381
8655
34033
6063
478
27112
13001
20568
28914
19182
17758
40778
7174
12182
21681
30047
8651
1280
1802
15129
19847
36997
6149
13764
39310
40
33766
13079
41199
29920
9481
4137
7316
13000
692
16869
34327
35786
33416
13047
26343
21265
16126
25203
3796
23470
3548
13530
14696
7220
40360
37781
25482
1653
12583
4148
27385
26150
34653
39252
2155
30024
8064
5414
31871
14084
4766
27695
24739
1001
31369
19334
24845
40448
15843
20311
26817
7403
35450
39283
22163
6535
7864
16995
34347
36700
6526
5156
11534
34330
16195
14575
30306
14898
41166
30741
1200
15161
3641
20971
28973
19500
34326
37695
10069
16194
38862
26735
16066
13815
31580
32898
30685
30800
29739
3417
7695
21714
11398
15337
34290
40746
29806
9096
14376
8871
32738
25224
36147
27456
38191
31973
16994
41444
36758
1237
26477
13365
18372
25015
21219
5201
19805
10837
19902
21693
2895
38417
34675
2533
20084
15916
24837
30888
30370
24127
4789
40221
35654
18811
21924
17480
41092
27123
5415
22082
11933
37178
2341
14836
11486
34364
17538
10664
14347
10232
27539
12796
27264
15613
15244
37454
3338
33279
21378
22233
487
30879
37195
30997
12830
29017
1640
21739
27765
36857
17004
16776
29399
5534
15508
28018
22164
31059
7324
14610
15483
26595
19885
37011
17158
32487
8670
30717
17583
16380
15660
23733
4658
27714
27003
12953
17022
16106
8142
21548
11449
26662
26300
35387
22719
20934
26028
1544
30916
36664
2716
20722
10826
3079
36475
7658
4299
40429
11446
8886
36928
26928
15664
27590
36044
38574
17075
29928
4386
9477
14592
38505
19596
36223
41367
35344
34214
10279
9140
2636
5744
24087
121
28771
30953
27783
5848
10953
11320
29447
25248
31743
26271
29712
25439
40262
37955
6501
18755
356
2827
15355
31214
13882
38104
9902
40305
37394
22303
320
38379
2231
18139
8210
4082
13442
33611
39009
33185
3991
25915
16108
32570
10891
30253
12363
40330
794
14900
27516
28526
37740
15733
1848
35255
9781
39908
33600
8147
32384
39672
10374
25191
11361
14123
27854
9177
5164
169
6907
31053
15416
19371
13347
26282
28495
27998
14457
31043
14970
22949
37092
2406
16897
5770
29450
9542
36130
30989
23863
33042
32851
28649
9419
29192
3183
31492
2051
36746
18686
27465
6680
3189
9324
31540
29688
36148
9116
18358
21306
26778
25985
37902
23941
21318
21721
10039
12351
18185
33544
22249
1165
14406
12283
2839
33192
30778
24385
13336
13549
39414
33061
7920
28170
4023
476
32773
7989
30254
3660
20518
32371
27252
39795
30594
21657
21510
8403
38294
684
13342
25836
18981
30987
31311
9777
15587
31046
15115
38625
7164
21983
32472
14618
10154
18
10321
430
16747
35824
12298
7180
3840
10289
1225
38206
35155
30395
690
12401
27941
13190
35755
36040
22861
18153
2252
14794
32952
22689
21077
29864
20655
9804
21946
28640
23428
14940
40767
11374
3720
38364
17293
10336
5248
23055
26894
21486
28517
35548
2774
7681
31859
15985
5836
24695
10160
35918
9218
38554
14489
27759
22699
9557
37972
37849
4798
27177
19919
35253
32104
36691
4774
35224
11393
18972
36058
31463
18221
25026
39256
34123
34533
35607
29095
6963
16598
18484
29777
8897
28301
10152
26808
4405
31106
23612
24238
29844
25693
28651
40547
12779
12900
14748
36742
4961
9929
12532
20583
4985
15926
5083
26664
2199
35737
36907
4976
31643
22927
12457
29406
22546
9983
6115
29276
21183
39057
19529
12024
23502
14844
16230
12906
31958
5058
29051
6767
1094
2282
34428
29561
5895
7780
2402
11352
15387
3735
22887
17488
7491
9789
11912
3683
6444
4938
10396
33723
6835
34939
27004
33670
6793
11210
27989
34041
10159
30725
30388
39916
25204
37255
26720
25939
14373
11783
31585
38892
2011
32758
14303
5316
15755
9426
35477
1592
326
12887
177
19624
308
20936
2438
22
20982
36745
8193
31234
3138
7114
32020
4141
23287
7406
38997
5490
4047
1163
34481
5547
8443
858
8348
31141
19693
27966
4499
25211
25738
1962
116
18868
10662
10812
13699
5837
17570
21870
9903
5081
33358
11568
8242
1703
18769
12234
33624
13840
18581
1825
7833
32626
33534
25862
34257
16844
24078
23885
14690
32711
25045
41469
25010
18808
10323
29941
8538
26605
17179
16238
15625
10043
5811
36508
28475
14126
16265
8840
29078
7895
17567
715
4490
5979
37251
39317
4152
30326
33771
7196
19387
31733
37356
16445
40169
39228
16716
23837
28619
31640
1191
3523
40561
31489
4026
5261
25849
19037
1732
31512
35356
2325
8673
26455
27675
40020
34553
18676
12828
13781
26997
639
2277
18737
30470
17456
3850
31939
11016
39980
15451
21433
7079
9773
23641
18302
22872
35862
8112
21828
21457
28235
41415
40477
39314
5966
868
1197
38822
10182
19751
29617
26992
34535
330
3086
33814
29701
25579
13034
10444
34236
3030
33848
16919
17035
15164
28578
19734
29385
10702
35441
18598
33679
15619
80
39909
29537
14081
36867
35038
2122
22855
25632
37530
4157
10178
18386
24908
25538
11327
3126
6760
13739
15793
29063
34343
34068
27835
18142
29868
11377
3326
9279
19087
22974
30274
29485
3828
31772
2036
1362
12743
8972
12591
5208
40365
24683
31629
36257
34623
24806
6817
4652
27694
14653
25462
20773
8097
24834
20932
17
12557
26358
31525
27052
4485
34147
35628
641
19929
30688
1117
238
33084
25812
18671
26336
9099
20886
40591
25044
34355
14637
25465
36406
22992
17690
26585
22753
17610
9416
4919
3144
36227
39229
36878
32070
36781
7553
32269
18400
24685
8197
2095
35201
7382
11283
36861
40702
3409
7421
41186
33875
26368
39517
41105
40751
15744
26618
314
5832
12206
31522
2997
28273
15576
17845
499
5195
6796
30017
37984
39511
12527
38789
37604
6214
37259
22623
33457
12173
34153
22292
5169
8583
38606
2889
6804
29832
11514
28736
17962
17089
3987
36660
29792
11068
35620
21408
5210
34444
38792
13794
21723
2982
10245
19690
10536
7006
32960
1623
25748
7993
16428
2733
6246
31395
38413
16515
39215
39162
33888
3060
19913
27581
35570
27019
2469
37421
23484
18699
21254
30952
21013
1309
14703
40836
29428
29029
23180
40642
21111
3094
13249
9785
32214
35649
10357
942
30357
27461
13423
26390
40526
11821
24770
7550
13340
28533
13760
17235
18895
8066
2830
26832
15095
36251
21746
18931
28708
24473
10141
25932
38663
14294
222
30058
4507
37179
24568
19129
12079
17283
22334
13035
32369
33556
25526
26730
40491
13671
7728
22428
402
19985
2473
22983
25294
39534
6349
28346
26875
10320
13211
23703
10372
23164
9129
40304
31055
31409
34550
27120
4436
26486
7135
19128
5188
15191
12705
22205
34571
15439
14648
8669
24637
36344
4176
41412
31021
12292
4107
31684
17635
31717
35711
12106
2202
36882
30440
22995
27983
38616
36682
41501
25108
14362
1542
9304
33397
29985
30907
21482
22621
29831
34462
9468
29757
30376
17930
39876
8643
799
36650
34512
26180
11093
19408
18696
39992
16037
34793
30865
22071
39935
32518
8582
35139
25816
19761
30089
7412
28803
30387
23016
24696
13459
10371
21272
27114
3406
30575
17564
12842
12562
28371
14520
36361
27954
11897
27589
26083
19771
29679
1524
7726
34011
38617
27604
13486
16089
11535
36489
15271
11088
32795
15723
23083
8704
3615
12923
19159
22735
26561
10023
40273
21230
28778
6709
19669
34684
40447
5566
16372
29881
39945
9378
6324
13383
22529
28132
8829
4744
10240
15399
34210
3646
648
30934
12017
26704
16667
38664
40691
21574
8983
23438
8502
21202
41371
2158
17907
40695
18020
35492
22742
40644
19
37198
21750
24313
20427
13323
24604
2766
13240
26059
11406
11909
3613
17210
27320
17691
40261
6420
7697
15718
4787
23383
34703
9452
40910
37443
36449
26799
28501
36908
1177
32216
10910
11716
27068
7034
34486
31893
21045
12875
33708
12115
11997
18151
36667
30899
5725
22230
19628
17925
953
12752
6569
34413
4374
22647
20468
8731
38668
34872
22346
38665
25149
38561
32311
37599
12452
23152
13050
19565
7099
18970
7478
6438
4098
21724
2304
10393
19425
21227
1423
8409
13786
22787
966
35239
38251
1611
29356
3801
1488
2574
32074
40454
1232
24297
13304
15706
35698
19240
5976
24231
28397
32775
22369
32630
18871
29851
25898
35872
36982
33773
4885
5599
23464
33014
41054
21606
17091
10888
24485
41040
9649
20018
8568
424
9947
40930
37177
7664
41299
21325
26754
40610
3549
34866
6196
17003
17911
38972
28422
34021
29067
23389
33104
18738
24384
31462
1552
31976
20740
1569
23815
14651
13968
32075
939
19250
9217
33783
18088
5508
23677
15019
24735
11532
26233
21769
9696
33167
10823
21949
11967
1203
37450
28845
2347
27622
34861
20512
24993
25424
18569
21589
39010
36879
15775
15800
9158
14718
35246
12934
38121
29559
39375
2511
34926
29631
40592
21066
35936
19894
40229
6508
41421
39184
3866
37623
7223
11205
6636
17253
10112
956
40843
14180
4294
10132
21741
11942
6082
13748
10630
7054
12223
25868
4930
24177
38154
11681
9369
14531
2168
10052
23118
26206
38478
19146
39746
38131
724
3311
5159
6271
4675
26642
9670
19343
11357
40777
2987
1863
27401
37878
26278
38787
1604
3561
34376
34567
1986
18989
21767
27463
27152
13967
3762
9424
24674
29147
21648
27738
14369
6915
20807
25324
2679
38510
33035
11269
36864
35452
35827
20035
2225
17029
291
40086
4975
334
7636
31240
35163
28483
20144
10230
34732
4459
34034
10044
11253
21447
23512
8541
40789
28103
4700
3199
2599
6128
9236
25370
29462
38419
22344
4145
25375
8353
6957
25627
37533
18024
15796
12851
37452
17322
35487
29955
17532
18329
1644
11656
274
16704
27684
28645
28336
10752
30181
20758
6790
20002
32812
22419
3503
15846
26367
16810
23796
39604
5519
13796
30714
27754
4853
6674
38485
9740
27730
10111
22222
10710
28774
6099
29474
16334
8676
38771
8771
19223
26938
27757
3881
24361
1822
14589
29053
26232
34351
27773
25921
3382
30039
124
9303
27815
30354
32787
8358
19227
382
20597
29040
18718
5394
9249
21002
6571
30332
8912
31788
11724
14337
21749
3437
21928
28365
36267
17437
25711
6578
21491
27907
40422
1685
10643
32168
28091
5352
4816
31513
24093
25957
9728
2667
30868
36124
12129
11874
34099
35919
1150
29670
29097
20840
36208
13319
1650
25789
7868
28894
17548
6677
1486
33739
6440
31149
26698
19818
39730
492
34787
4178
1067
27520
21830
33077
6737
27650
14741
17632
28689
26899
3300
1273
29335
22712
24126
2900
25952
736
29990
38685
33300
1790
15556
7867
18237
31888
22744
33004
29275
25695
12399
19280
21026
4363
27012
22883
39937
25336
9890
32519
28444
24553
25913
33617
10722
21184
14590
5473
24469
34046
37411
17512
29529
8352
23566
9802
39415
15077
14851
14203
30205
13066
3514
5135
11620
12594
37200
23803
34320
34664
35617
26806
27250
19472
3026
29397
30329
11067
32714
3339
28699
27709
33067
19095
4654
2193
24311
35841
28445
35663
30140
21948
22845
9817
12792
9566
12269
37180
3085
37537
14441
6807
25293
5020
4706
40539
28196
15223
7623
34961
16353
18344
37588