8875
24987
20951
33235
28915
41073
17338
7223
18660
11674
15808
14830
6768
40648
17886
32739
19550
33259
39259
18323
14172
20824
12103
18245
35774
38451
2867
10298
33893
12428
25276
11595
36711
33463
20853
27141
35135
29188
18932
1135
8911
70
23667
1616
14343
23436
16256
32656
3918
32965
29834
38624
20384
5138
9445
3416
38200
27968
30841
38069
18744
32008
5404
16218
16669
11435
24714
29818
8949
18613
33364
691
34809
31578
32457
18480
28189
3669
31189
32467
29159
9998
22992
8572
32718
12411
38284
28582
8137
4924
19474
38344
34844
38352
5109
8900
19520
7692
7344
25317
8982
20546
315
15519
2224
1993
40789
18223
14204
31488
22433
40467
36270
2329
36832
18188
21425
9754
31414
4452
6232
33558
26497
13439
36642
22166
25324
34119
28025
21639
19727
1295
18164
30144
8638
32189
7051
13967
5535
2020
20236
18773
9281
24750
5552
11202
38407
9027
11763
33081
1470
33963
28109
1175
9831
12259
14534
1264
19615
18576
34547
5513
36354
12637
1687
12153
34725
14621
7193
4696
15225
22566
2127
20584
22879
24787
7320
39890
18711
30919
7278
2788
33024
7538
40421
6424
24255
18077
28235
38656
9798
30677
26921
29211
1428
20652
36691
11053
3313
12079
24485
32096
3484
8153
29510
9338
26250
30120
21539
26434
22909
852
29234
34338
22117
1270
34031
3761
33481
29204
40842
24393
14168
20957
26621
35641
18020
13085
12981
21673
20725
940
23058
39023
29484
23607
41007
10785
2673
26604
24355
3771
28196
635
8748
3006
199
39924
21506
37512
13757
7666
2306
4131
8205
35653
28081
3718
29317
23984
34796
10838
6987
12706
16404
4713
28504
38089
15640
16952
548
6664
8438
33978
11313
29456
23660
27304
5201
8214
6407
36432
15648
1658
30414
14097
29954
41178
471
11063
40514
2738
11733
37400
2305
5794
27671
10469
19292
28798
17040
39638
40662
36602
30951
5756
37195
24089
26788
28346
38888
8241
14505
4066
13270
38067
38013
41161
6906
21925
29134
10777
2052
10881
7231
32091
25982
5186
18202
26111
27948
8018
38930
12716
34143
21018
38749
35907
5379
19655
11507
40721
414
17613
32887
27168
35358
17448
26398
24333
28319
32561
36371
652
31331
5476
13377
11865
15548
8679
18582
33497
654
32569
31155
35588
30086
27006
1541
18121
38592
16711
6087
13616
23227
37546
37000
36656
15314
9341
6649
28220
20967
32548
25694
31873
26920
15517
38987
2370
17432
26155
3855
4869
38821
37899
15852
32752
30104
8041
33015
30853
38016
39470
2225
27276
14289
39163
13436
45
686
31353
34027
9330
38794
41229
33601
34969
4400
35263
34634
18573
41195
39537
7347
7616
4227
16142
30165
36384
2902
16698
33826
15899
31143
17921
39108
38311
27000
14517
21378
26409
12662
18328
39367
12360
6370
4222
30482
22172
25516
14586
29465
7625
11880
17063
33210
32531
16338
13521
9662
23199
8582
4903
33880
11851
12216
9763
11364
39559
4045
15278
16640
11546
38017
7585
34443
26042
24998
40464
21479
20272
31815
27392
12875
24266
11596
2042
31090
25610
11679
17745
34415
5160
36962
194
30234
3999
36572
32276
22845
40965
10761
22119
32309
40914
26097
7385
13750
22626
31330
7352
7065
7082
579
1694
17325
3298
24622
16835
5953
10875
16718
16154
877
4121
4204
6358
34973
7890
5319
32265
1937
34074
2923
30567
20043
41228
7530
5031
41350
41305
26521
36091
21210
4610
37685
22856
10916
12333
15046
19961
3428
39226
31695
25773
10529
30830
34132
23175
26983
24975
26010
36561
23867
20744
8404
28544
28837
37918
36098
25599
404
13318
767
19327
16547
36943
39946
4279
35814
40666
25612
14182
27377
5248
36644
6079
19130
22046
38797
34880
634
38760
38307
6520
5815
24717
3558
17823
34068
14165
6076
18334
4058
37145
19442
39038
9271
26753
5309
31645
21284
41098
2882
23220
22593
9258
18226
37691
5337
5179
572
31015
1199
5323
39829
5703
38679
29150
10978
31798
37402
3472
37296
38034
3740
31542
27941
27269
1068
18665
33629
4877
696
1101
3485
32851
41294
15951
38574
25098
19061
8255
37234
40930
29502
26662
2820
10412
19335
22477
1423
15381
3431
11921
19565
36022
41492
29376
4774
29797
31508
7629
6559
39513
15071
23840
41429
3742
1882
17169
22203
30035
29676
14572
2271
18398
35715
2353
13136
28147
10893
31841
1283
17614
39656
16448
19264
20114
9247
23046
16353
17959
35523
25988
25164
15913
32405
12005
15000
29351
21177
15834
27003
37420
6270
6352
22809
26005
22520
32102
3843
39092
27468
31544
34524
25105
9765
6218
28780
23014
28115
12895
10292
2206
33393
6313
14642
8599
14680
2067
24823
8364
5607
18217
1746
28351
32369
20685
39166
13646
15867
21448
13007
13133
29182
39184
30914
5530
12636
14656
17324
36935
5940
13483
25832
23400
37111
5401
40025
35723
28795
22945
21146
35230
35689
36292
27192
34642
11077
27553
19360
751
17360
28195
34933
15989
322
2150
3474
34130
36598
31067
5981
3419
14407
40474
29360
28159
7327
20550
1606
39687
36537
8872
23485
22367
27803
2356
4839
28048
37980
28291
536
39050
34255
18075
11148
22455
7934
39401
25514
39892
27150
2951
24569
30938
8344
21987
37946
17328
35189
40472
9687
30411
5441
30410
36952
5251
30406
37143
29181
20422
23721
32288
10528
26869
11378
13479
102
24008
33051
37963
8985
679
6359
11043
21225
5846
19989
29570
2015
14988
31782
31907
35245
24915
4897
19131
28352
27017
4729
13353
31387
28177
18459
2213
20281
2862
17863
33658
40631
6443
28895
33656
22739
40646
11914
23534
35133
34047
33396
34361
18069
423
41428
18124
627
4446
1673
37914
1700
1122
16055
27194
18777
19295
31750
34926
8688
3944
38287
24317
19654
28861
13731
10695
5369
24764
8480
13097
20701
9844
25744
15827
35853
7330
5742
22232
12033
19657
35757
23813
41111
21026
20611
4621
4880
20395
10598
17834
15952
11199
38315
7328
14180
3138
11573
37839
37718
15705
15799
29336
13591
22901
40769
7196
14787
18318
22940
40997
40715
2331
20305
28449
19385
23331
32452
12764
13638
40668
15332
17265
18176
5986
31324
35104
24338
24995
38216
15509
485
22857
12315
10388
24570
23471
22523
24366
28018
30763
31618
37184
21230
22254
28626
41152
24234
3797
41157
36127
15649
14766
2377
39082
33515
26093
11971
5808
21198
7084
19523
24549
2750
23930
5966
10976
19734
29541
16733
19022
21727
4892
32427
20410
30380
1875
7194
748
24704
12502
3385
7018
36169
6138
28733
5816
25181
31505
4994
14268
30856
15098
27865
863
22640
6802
24205
33739
25779
38362
1505
12069
40450
16959
29580
37610
36651
7303
6194
4673
13883
38070
15024
23576
40950
567
35121
17938
30815
26429
11122
38301
6375
20107
30395
6099
21011
28999
2732
1950
11004
10880
32850
27575
18748
20926
11613
26611
25019
10859
41299
38263
8409
12029
16191
16186
5508
12058
2768
3676
17345
25452
26469
39300
9286
17363
22182
28728
30428
30924
28939
30006
19714
35287
15823
5618
36407
38793
17249
14514
26524
38298
21647
31082
26054
26513
41216
30685
37398
21603
38240
11802
11687
9415
7097
4394
10780
10369
29803
2335
6771
35924
24252
33310
770
37340
3892
18500
7985
11756
20712
31053
21163
34322
17057
29525
7848
41031
9140
14849
17617
799
10837
16844
22922
26236
24152
9856
36507
19691
29766
18519
10003
12455
13778
32755
20741
21948
34768
34654
5549
12449
1511
40452
10745
151
24110
3170
22051
28546
36333
37429
4611
40575
9268
25861
4206
6495
34698
24193
8630
9176
19937
10552
26687
12724
41199
37876
25854
23079
35744
25987
22958
25541
37815
38712
3995
3426
37324
30843
9866
38448
37079
28909
3041
40641
20858
14611
22444
21305
34049
5410
36484
4908
28249
31838
2693
35900
2560
19423
25148
26910
37703
35146
2845
12900
39186
11784
25413
27749
23242
21681
23340
26195
36575
35124
7543
5925
19741
40696
6411
18212
12407
28593
1534
2979
18994
41059
18745
27921
25799
34801
21154
18293
21522
39207
39386
41220
39744
38548
16195
37467
6390
16357
8656
34454
27527
29832
27019
36970
32644
8754
9910
7174
21678
33744
37919
40167
4438
34013
34229
41053
4237
16017
21993
24296
27537
36089
31887
12917
3850
23712
16530
21002
4714
10358
14443
2511
12509
30222
30030
40564
12482
18227
30885
30324
35881
38505
8381
11113
16510
5954
16157
30657
32680
3395
3042
2993
38128
818
36367
20928
893
29358
9007
3134
10332
40549
18553
3654
7588
40875
25699
28572
9695
6876
35825
950
33125
7752
19217
31050
10461
29976
27312
12305
37351
19391
32380
13368
19185
28703
27112
24837
21328
9721
22846
29746
10368
15821
10491
14472
3040
27742
3887
23674
5565
26460
2255
41327
27868
10287
34483
4397
23468
39190
41099
37332
13200
17240
15374
19574
32453
17874
35782
25668
24952
23885
18756
4598
367
16376
37604
40989
25847
35339
38558
20560
9159
34032
16034
15415
22919
30587
18278
16091
37892
409
17188
9259
37459
14222
9731
602
9432
9369
553
10802
35046
832
6021
16628
36017
1238
38841
192
5113
6067
6339
12862
35
18845
27828
108
18814
5163
29160
5977
6879
23882
1231
39926
35039
20133
33570
27952
27608
25905
10414
22427
12974
3019
30453
3299
17975
41500
882
8873
5710
33575
10178
33261
37887
814
19077
36043
7118
10781
34257
28111
31194
33412
31287
35645
10513
34363
19540
28590
34567
26211
9931
495
1359
40240
11127
31847
34270
31244
25777
8553
25375
6822
11478
17368
35996
26426
38027
27580
15804
10990
31284
34394
17603
24003
33673
28664
13568
23610
39414
4948
11896
14644
19012
21827
22665
15127
24872
9466
6770
9589
39944
20801
32082
31456
24916
1951
18401
36409
20932
16543
29678
39630
23191
40040
28898
14900
37752
14166
21962
11780
3699
34866
33919
10603
18869
29833
33152
27573
2969
12558
7930
38274
36930
29388
16397
16203
23334
17575
21241
4874
6206
26624
17283
1603
41052
37881
38415
38485
5490
23426
26292
2604
32944
5758
18599
3592
20024
15343
18023
2110
34955
9989
25404
3248
9216
35463
8577
24519
19199
37299
7031
24600
28340
18659
27114
178
252
28539
13420
8860
28961
37675
26549
11245
20152
35048
34169
210
38685
36445
26958
12522
28921
31195
23119
38632
33780
26336
6704
13963
34405
11455
20913
5691
5995
29391
30749
18514
24442
23036
23843
28752
33867
15479
13431
11783
1277
35616
1737
15491
41265
31573
35101
28037
35264
36146
15402
1507
29577
11244
14294
36949
34228
21623
23370
13090
14460
21096
20463
11868
40429
39232
7622
25230
14083
31771
12531
10309
31449
40629
21254
1044
21867
30548
20210
31931
16451
741
40478
6581
25866
21720
35850
39075
37555
7981
5575
5813
16643
12609
24767
26057
29537
17020
11104
8986
17024
37104
11305
13308
10387
1943
26898
2479
26703
22411
27756
21777
6508
38511
20856
19957
39556
40475
32798
2347
35552
32224
4349
28162
4806
22357
15436
29165
31007
25789
39128
13689
3694
26308
11719
28979
302
35395
8603
24581
23269
25628
30556
26535
16099
687
27072
7198
22108
5842
41322
27088
40357
7414
10395
35252
19396
38616
30401
8913
30442
38260
9228
5252
27154
8499
37407
38687
9964
40102
18435
7805
21475
5831
19055
9284
10536
11178
38126
3142
25393
417
14453
318
37695
37910
15139
23063
28413
15090
19839
14949
12839
39526
12354
34014
12065
24891
15120
23946
31065
34738
19530
34184
13655
3210
4706
19799
3929
12435
19538
18395
23564
8830
25770
7681
33372
27166
30532
38376
24261
26557
7060
2226
17323
27466
12963
755
32595
1763
19603
17207
18680
36668
28846
35238
26450
20496
3441
37710
31915
25132
9650
25227
39587
2311
23942
20703
33644
39989
26891
20378
38026
23344
2628
13180
32498
11618
17564
32714
10689
13043
27715
18583
23562
9282
40039
38871
4012
16263
10667
2600
26816
13516
25469
6345
13347
23633
27177
12630
3906
32241
14986
21084
40133
35168
2695
3564
8488
32521
13190
12812
300
9438
1895
37132
30051
27677
39806
8082
28255
39891
8389
5725
11418
14665
31647
23195
12756
21340
8327
28960
5436
2549
17791
1547
28801
2092
18853
19439
26686
9081
22535
26123
39766
628
26823
26191
8449
4073
29722
2715
32540
30443
1152
15877
29757
6696
17799
21902
40680
38754
40968
2526
32114
28930
17929
28671
13335
19015
11821
23764
30235
380
36351
4409
24548
27506
21714
11822
22416
22201
27903
29775
35954
8367
1677
32636
30836
35602
28761
13152
36208
11660
27212
33945
39424
28473
35766
19085
21713
2869
24153
2059
16550
23621
26301
21099
35580
16915
37758
718
26088
12477
11446
20370
24226
39249
11912
26850
28821
25751
812
7291
30342
25194
38133
29544
8370
39958
39698
35242
29566
13364
337
5785
10892
13281
29822
3343
37884
1415
41367
35031
41050
16327
34198
5384
26729
26370
15296
20535
4815
3551
31124
4702
12975
24439
31389
8113
14211
9839
16227
30264
18476
28211
30099
21032
3065
30451
20237
12767
5645
14990
915
12037
23430
10057
28903
6157
11918
9059
33608
26360
26328
33088
24736
33552
18073
7255
40547
10681
17151
21671
14601
4838
38905
1982
26221
39373
22317
14633
21541
5224
28569
36315
8805
36087
6878
22424
33264
33510
37501
20144
12160
7987
22882
7217
7765
37320
37339
18715
12397
2041
33359
17115
31401
606
3449
30773
30423
41112
22018
35234
15742
27643
7686
22321
27505
22209
10449
33190
4098
5852
38732
29325
11263
33145
14157
21189
24090
12632
2899
35176
8060
16031
29575
34093
29462
15073
23972
29926
6688
40873
31228
35424
8024
9409
21735
15201
5716
11904
16668
40578
35328
1830
29394
9275
1728
22371
6
39068
17003
39404
35279
40716
24793
12012
30089
28477
37788
30910
29267
36223
24686
14417
5757
29636
20831
9430
19776
34535
38015
32303
16457
7122
38703
35022
21883
21385
39750
4634
8094
14994
2510
9632
22569
8145
38731
39323
40386
25790
14747
34515
6444
29769
34670
781
27949
28699
28463
26550
23725
9916
11259
37810
3048
25115
13031
15003
19911
6256
38638
38582
7684
2451
5335
16334
36396
9561
31064
31385
18689
28622
17986
24856
5970
14579
8324
12063
15729
3054
16083
27246
7404
37458
29567
39318
11168
6065
10202
12134
14450
15418
1416
29207
33766
4797
25870
37558
28859
402
38610
18540
36430
25014
33189
2197
3324
7334
18082
7416
15695
608
24937
1641
26270
40119
12074
17788
6220
14284
906
24695
1009
23447
18914
19034
24340
8418
4448
13662
8208
5212
10272
18758
3640
30634
26853
29725
38395
1736
30143
35607
10236
1007
14869
18938
28991
30860
15929
5414
35227
3356
1697
12258
28748
24513
14674
19795
17100
39900
25399
17192
19148
27479
41406
7161
21552
35660
40142
24574
31667
32002
21630
36289
32532
31463
40092
36183
31231
11871
34153
20423
31666
25781
31705
19427
10709
2252
4331
23222
18795
24248
14173
13676
21503
30799
9112
24394
15460
35491
3333
5067
9181
26893
11020
35708
17994
22230
4896
33850
34428
38091
32327
16783
25420
27597
3586
13826
2686
724
39714
8658
6410
1773
35632
26875
38371
9537
17502
34339
18622
9475
19766
29700
6968
12912
24719
32649
262
26423
16706
19914
20429
18447
3983
18264
38780
4593
31817
13944
10098
13540
28756
18421
19784
19433
41258
32813
19803
34702
5164
6656
9212
30214
9996
19643
38655
32274
16607
25935
13476
7138
6082
16877
13046
37289
8610
21478
11198
11331
28527
1523
12401
34071
15066
21173
15630
37117
38964
40360
27774
13206
35790
10809
8174
26028
32910
132
243
29004
33040
30326
3571
40483
26930
23475
40751
2627
28026
14910
6328
11951
1934
29168
10986
33641
27027
37038
39134
34236
16792
3053
3931
26066
16544
8280
25726
9513
23122
2520
5707
17490
29785
2193
1536
31892
40573
16820
21221
4339
17568
6471
19849
13781
21465
36100
33999
12886
37170
10145
14357
17186
40539
40279
32926
858
29276
13761
38205
18
31019
2986
7572
35875
35590
2065
31765
17381
16267
6402
36512
7286
39554
22465
17153
39018
25059
3710
23985
8283
37097
25462
40033
28120
20103
10876
39746
7472
14678
4085
27574
16972
17160
12434
40100
11261
9388
29403
25146
25055
14737
18998
18409
24737
22513
22224
10114
1862
28986
17145
28398
33961
6478
10173
3198
23889
27686
34550
27037
11203
10822
3309
29225
30142
9891
20695
5642
2681
25366
11597
30965
3013
19365
36124
13163
25137
27822
40728
3024
39643
40243
11774
10392
12294
12190
34259
38168
21030
27827
38730
20941
8648
28640
31917
32334
23814
39512
16679
4403
25294
28831
25590
2691
7570
8403
21661
9591
18634
24012
18677
7979
5438
21773
38182
7980
20982
33293