29217
999
23006
27960
14102
22237
37737
28248
15073
19372
12220
33784
24371
39147
30061
25351
18973
3788
11838
22877
20625
26353
24384
21154
15846
22719
35176
10745
21910
7618
21272
22159
32559
6969
21761
29864
29942
31025
1791
22319
21412
18696
10407
13083
8607
30901
16039
24397
20206
19872
14074
30902
31556
14031
25222
35734
3623
34483
25511
7068
19183
6506
18384
23992
24098
34236
29450
31476
25839
2134
17094
11702
9209
9460
31966
23293
28718
741
36969
24363
1717
31035
16363
9731
5209
27617
23906
28733
28608
18131
25378
14371
15034
22823
25269
40324
33371
15523
6738
1729
36248
32015
14277
15427
12113
33105
17292
29288
39647
27033
34452
34386
3740
38438
4644
18214
14352
2505
38196
40749
34309
14244
1432
29434
12991
40569
18113
1809
24450
28821
18241
33010
27014
18509
1203
5714
37555
37420
427
17783
34376
39772
35076
34271
21541
21867
39773
33591
18439
32085
1410
8639
30649
12246
28651
20155
35996
38666
24787
32414
34322
13544
28118
10607
38421
20341
36617
13321
14539
39812
22423
4597
9444
6156
17938
9195
20143
17885
32128
9968
10529
9139
4066
3024
14423
36756
14327
11290
20175
27652
14937
20675
40844
20359
9681
30852
25569
27069
34364
13527
17604
27190
1960
9409
14204
9500
39712
20949
36025
36355
29878
21560
37194
32506
38620
33417
27309
6766
2175
37044
1632
13558
40202
21289
25632
15821
27710
25197
15844
2453
40256
17929
36454
25966
11475
21991
13570
4675
503
23952
11868
16737
37672
4938
13977
17691
26234
6763
24981
40980
39553
3577
2163
23416
27815
2096
25656
13509
1431
37338
25883
7870
25193
22091
24905
36903
17498
27825
37483
5220
17485
6741
29760
11092
34680
33270
14196
7927
34085
19547
37275
17888
8374
36192
23391
31285
26942
26618
36447
40021
2068
26611
21987
2872
30923
36069
4119
2925
29039
17709
34455
36356
5332
18934
37413
5537
35388
27899
34515
25486
5605
30635
21533
23131
32138
36341
1974
20508
19362
23587
33089
13954
25131
30376
15661
6408
30685
15750
6724
25176
10504
30344
19608
38899
30557
18894
25493
21377
7918
20426
40943
22777
30332
1508
18030
10156
14713
41391
21754
1383
38740
19187
33880
23346
22284
25556
9794
34536
40387
38665
17222
16548
15757
26997
14348
25620
36322
37230
39230
22969
2811
12824
35552
13475
7871
7978
19590
37250
33485
14790
23669
11264
3192
1116
37469
20512
16726
20408
37300
996
36595
10263
15772
20923
26947
5690
32203
9754
33589
28257
30951
4146
7625
1506
5547
23604
3403
3918
30173
12549
37119
11684
2404
26542
9796
26629
2949
2599
5805
1962
41194
4342
36864
26898
18989
41460
22883
26128
10876
24310
16786
11046
30228
39584
19282
25884
17837
37354
5774
3161
19684
13432
18141
35410
38223
29927
4997
1511
22974
21174
10704
19580
35600
19017
11191
35319
12870
17724
41242
21333
9512
18395
32064
24302
31847
1372
6151
25722
15576
19692
40644
8748
28530
11035
24121
21892
13258
5678
4176
26707
13834
24019
24994
14883
31578
32494
41401
26916
19206
31297
30737
3102
34634
13221
41005
38419
30379
18830
3224
25988
34582
13539
11161
19638
579
3654
11783
35692
13879
8027
28337
3507
41136
37104
29569
16344
11485
19747
36176
4911
12966
31875
32266
525
20106
26097
2202
29872
38864
27315
13371
13881
1645
19374
9132
17438
19551
13117
12077
17133
31889
36344
3473
5248
14165
12845
38442
17524
31958
40210
32415
25923
26912
12190
34004
14052
41164
27645
32834
1374
28155
14088
18002
40485
32076
25758
13702
30227
39086
22727
35964
31388
4620
36228
3064
15292
40779
755
12442
22486
11757
7726
6992
17998
12992
1152
35560
35356
2526
38854
40020
36358
1838
32084
40489
29685
3219
847
32578
27647
22117
3375
4860
11691
20827
26524
16326
37403
11149
2776
32733
15663
29231
8608
30900
30965
21880
26738
10601
12467
13779
28947
20768
22627
15233
3300
40997
39665
29865
2855
14727
32481
30933
391
34956
10781
15143
10553
21945
9675
40473
40648
11523
10927
35702
17534
13013
723
1296
40719
200
31975
31021
14415
21937
24313
17928
31774
7150
7812
21124
30539
14974
22408
40510
21578
1600
24885
16683
40865
20276
28351
8381
38651
15303
10059
34457
8798
627
5002
1094
14254
7042
9606
28548
34504
17979
38444
39980
33377
16830
26176
11679
16762
32107
7410
14606
21178
19970
40591
26934
5833
39215
30962
39465
32263
23491
6789
6822
28869
6289
19213
14087
14315
37632
1344
35847
29493
784
3592
492
5066
31127
10502
3264
32488
41266
25150
24915
2273
3772
12792
9294
16502
17291
733
17184
22249
6451
5128
38287
5254
8045
17616
7581
17418
11620
22593
16850
34370
33810
19654
9201
27484
28014
18845
30448
20868
14376
33242
36649
15596
26153
23058
10813
5589
19379
3828
7135
35205
32147
1560
36809
9691
17634
2951
20323
31773
22684
40745
11880
24845
37083
11308
20204
15559
20646
38240
36812
34743
18256
12964
17992
23638
30884
17997
29515
38284
2196
11561
1919
10398
2538
40692
33868
12969
36572
2932
8771
14812
37636
5149
31379
28700
17022
13656
38299
24618
38420
36935
30995
24086
32730
20464
27896
29544
38253
33494
202
15605
34896
23300
32194
22238
24044
3760
1993
19960
11349
23472
21035
7032
31916
8097
174
32012
41236
41101
6652
11242
38511
40422
18010
39607
19863
24059
2178
31974
24006
40310
8412
40400
30215
6985
3835
2852
3080
28641
37339
5897
40851
32018
31039
4761
3150
22518
950
25935
17123
32287
10047
1726
20877
3669
40792
14223
39709
41232
38604
9861
27660
2888
19099
1790
35542
10164
4920
5861
38423
15103
14017
24525
5656
24333
23148
23822
25954
13851
37649
26913
11016
34932
12987
36803
6572
30776
15802
15398
4247
13043
26042
18352
35418
18776
18447
33449
9550
22870
21440
23700
15421
22310
30422
26586
35648
34527
24065
20961
26306
21786
17282
26117
30771
38182
23266
12417
19883
17630
17015
25818
14922
17622
14538
14639
20792
9615
38598
23432
15375
9461
15574
10828
17749
11920
9829
24641
30915
26167
11061
11192
8409
37134
32983
3956
27987
41441
22480
19401
39793
3604
29431
22128
9532
32051
30589
25820
17745
39020
31839
23121
13618
33797
18914
31553
23749
41137
40512
35653
2553
15894
19772
17011
38030
36401
1015
6650
7302
7791
23385
1330
31523
35628
8679
25501
25836
39561
29700
24465
8022
10714
40450
37917
15119
21369
18610
1135
11936
14265
3987
25663
21295
25340
36834
8749
15460
7604
3514
7285
27544
37588
30028
5608
38450
2876
40509
23598
5769
26625
27803
21765
15394
28244
6965
9015
31921
25101
818
23808
22217
25689
34968
34735
29366
30909
23318
17018
7251
24753
2329
27575
26559
21478
3221
6381
38606
10152
12128
3334
27938
21297
14973
4652
2992
22185
14932
39441
24439
10051
10293
7502
31527
2293
36146
21465
38095
39060
28895
26304
22025
37128
9684
4969
12194
17486
23414
34014
9471
10174
38104
39593
12484
25204
25844
24866
29451
7162
3805
24677
334
35478
11797
12770
5506
11555
710
35271
6574
25612
1955
17311
4132
4977
28580
9436
14009
25080
12121
34712
12440
38216
2077
20587
2503
17830
15981
26679
27270
41275
23559
25772
20959
23209
26521
40138
27534
38582
22448
27765
21133
28916
22276
12558
39191
18074
28408
1541
15310
214
30516
31478
2160
4045
10424
16100
8950
17410
15672
34166
17931
3627
18193
24281
8835
40870
21036
18229
32810
16437
14719
16895
31827
31456
32518
21859
24789
9582
13425
4726
12074
18766
37341
41076
8452
37280
16940
30135
5379
39217
34744
39761
8122
15272
25394
17223
4868
5027
23836
40050
34443
3518
6613
13684
5720
12671
16148
40804
20074
39849
35574
31592
2544
29926
10276
25639
6347
34579
32600
680
33649
30043
28158
19346
18414
9027
30414
31480
30387
13251
22287
28969
15519
38541
30938
5638
10111
3186
26890
8606
27446
10990
13778
32886
30443
20985
12535
21790
3205
23176
13205
26046
6602
860
10238
41323
38869
26587
75
3095
40372
13050
7164
19146
17474
6920
6492
12027
9207
25058
11734
1916
19661
28225
38112
20069
34499
11742
4203
20005
31825
35401
30822
9311
23781
22841
24237
22438
519
16256
32075
37859
28468
21165
14193
4349
31369
28283
30340
26295
35030
31546
13932
26516
26754
39172
23215
38533
21702
17923
6063
24714
2882
10373
29848
6768
38656
37908
39637
8940
4996
18929
688
11269
15361
36190
32944
39924
9542
38491
40545
20689
31677
4490
11874
4492
30259
31385
11802
20070
31217
28103
2623
9129
16544
9662
5020
4123
17290
18226
38751
11632
6647
38844
36817
17244
22146
30897
11677
6230
34052
5827
13420
29294
14664
25582
34710
40718
10471
26931
24648
19803
15346
18013
6365
40000
33645
7504
31426
5462
11764
25050
22783
34933
8289
10808
34826
25495
28697
5501
28426
15660
26683
14622
36752
30481
30501
26702
14030
23067
25227
24623
16281
37730
7077
19616
18444
8564
5053
1492
28889
12541
32082
17941
36508
705
29347
40051
13093
24995
2161
14928
25205
34840
3883
33110
31239
20186
40888
33275
27424
13812
37928
12025
9347
13700
2686
17020
3653
303
11409
22435
17548
22875
30354
1642
28792
4287
24312
26499
29363
14627
37860
756
12976
37596
6679
22161
1622
39630
4591
36135
28324
22889
20141
32164
31675
10101
19343
30672
32483
6378
24611
20910
14819
17326
25534
21262
19982
39428
40159
38696
9999
38627
14091
22392
40451
14754
39030
8967
31956
23564
7792
15464
8414
11436
35525
1236
22819
12955
6626
15017
25229
20000
7533
36374
11686
41215
29584
3048
11281
33640
31597
38252
31486
37406
19052
4842
8060
22106
8269
12857
11574
23825
60
33560
38334
21723
25757
10410
4900
34871
2742
28728
16357
40006
19646
12865
29142
13542
30423
32145
23660
15594
30058
29474
28758
29817
19971
28538
30542
27846
8179
23540
15980
1954
35937
20680
40198
27666
18405
32717
19444
34099
30093
31183
40294
40103
9048
32323
26144
38647
39145
19313
14680
14521
7781
22309
40770
16428
16977
38025
14157
35403
1561
36691
17378
38887
27106
2314
34072
30031
10826
40347
33892
9493
26030
38094
37123
37689
18843
22898
9748
24408
30483
6911
18751
27418
37664
2041
10678
17543
3874
11073
16092
25201
24155
33147
7141
20266
40805
18059
29293
35465
31979
40557
38446
9137
29600
86
14884
19119
32422
29922
41042
39643
40491
15104
24029
19530
22212
35659
11292
33783
617
417
17454
38380
7189
17562
5606
33679
22300
14056
18641
25373
22540
1686
17402
15341
41319
29774
37407
10027
17262
11517
1580
15151
40696
28266
23396
41086
28986
21704
12678
10323
32472
10556
34683
14573
14923
10495
32880
7989
7437
16057
12819
9466
15196
16833
26594
23698
33226
39540
39127
41423
41001
28065
18420
3971
28007
39213
30886
30785
32353
39741
37393
39904
10364
15290
21531
6181
38605
25652
9301
19597
34068
24716
28652
6221
7698
17899
38259
12173
37333
12684
3523
19361
131
20252
19334
34590
24869
8143
2681
3392
39860
12111
41412
2715
18388
20116
20370
39272
29482
7281
27062
41293
11491
34404
18485
4440
16930
13248
30441
30837
19492
13076
3074
591
2181
21034
2197
24016
19397
30821
8674
1670
22233
30456
37940
39200
5430
38184
31602
17412
6664
37150
3867
2171
30571
14752
10023
29484
20024
18334
25055
19276
31866
5867
25890
11833
39026
25203
1099
29489
1371
21676
39298
28205
23072
3482
16699
32731
26522
11228
31162
36168
41252
33155
27711
18207
981
34372
4981
33276
17409
29203
26450
40667
1783
23261
16629
7948
2937
36350
30929
35307
36433
34051
13869
7442
19917
18505
22396
25770
8511
4630
7619
29003
33424
38840
6564
16888
32953
15326
4291
33435
6720
26945
35284
3183
1171
35811
22440
6793
24093
14323
21398
29159
3565
23441
20831
19809
26579
17576
32318
7425
33768
6027
1553
31648
10064
30921
28120
3793
9487
2718
226
17053
38562
16147
1175
20781
5123
28866
36832
3710
23853
38087
1213
16319
9172
5987
32009
23456
9196
27929
29707
20775
5514
26057
5402
15191
23392
30284
5705
28712
27184
868
37424
423
15573
40838
23389
6349
31662
6466
39687
20662
3042
12358
20750
33569
25514
27580
2939
38415
13548
19156
19922
9534
31494
38006
21331
19442
2179
23425
24697
33369
3235
28760
35966
24584
25273
21875
30184
17947
9588
14268
22990
27954
34442
3974
24153
32941
11280
10193
27506
19999
12003
20363
35066
33490
15309
20990
27198
9230
39677
12374
32473
36482
8943
30981
27784
16251
41099
1237
20549
37404
10580
32575
9097
20565
5900
2910
30728
18510
6541
28129
29372
16288
27925
35953
3515
41065
36975
15391
7644
6432
6164
24570
29835
30110
24828
291
23723
36011
17476
32264
39912
2290
1624
37377
38663
14918
17401
33912
39351
40408
39057
20913
3969
20918
35488
18344
5698
35790
39162
19997
36272
29135
764
9510
7557
27168
26562
21658
974
38041
203
305
32867
28162
33393
37238
12035
17908
30797
19587
12091
10204
40748
36550
30952
13035
38781
21117
37042
34939
21364
5339
6100
10412
17304
12621
34648
9087
40896
13362
31138
38089
37873
7412
37003
36582
23499
40191
14353
16431
30867
33639
1815
21972
14921
19005
18309
9205
22699
13503
35255
31837
17620
18174
29858
37289
19221
32274
35397
35759
21218
6170
24021
9685
9549
14972
28965
29350
27816
2448
26425
22006
25181
1299
32249
25019
7612
36202
28720
22927
21823
13340
27698
35048
35843
27076
18217
4446
18042
30925
28511
17665
19141
16968
24898
4866
25011
15230
9314
40076
22018
32597
2421
23144
3594
6637
11345
30470
41126
14947
33703
39620
4361
32783
4540
4294
32412
25714
33402
2126
4065
25136
11438
25826
27897
25903
29956
6236
23613
11718
18087
8989
31779
31209
20476
13685
33834
37466
26884
28958
33102
17138
34216
6314
32097
26992
29100
10120
38500
19685
7981
6067
778
5519
17091
35999
12906
38038
37400
6357
10040
39358
35881
23426
32646
13909
29309
23471
35839
15566
5175
2321
17902
26571
908
7882
30418
28461
27508
7163
4655
16855
35561
30369
25643
27779
18951
16551
24238
36337
38841
2820
24027
20677
38917
27639
6553
3877
4373
10586
5637
38061
32074
35363
7695
30966
5049
40616
32563
36855
11915
22557
40984
15415
5298
29699
38925
38613
14150
39302
34213
6341
37837
38279
4621
30570
8410
11854
8877
20126
29334
18029
40272
8595
29735
14248
2189
24902
2510
13842
690
22534
13140
14394
29080
15537
5808
38425
18254
6526
419
33459
17505
30801
4878
26691
25561
21903
4019
23240
7527
17278
10332
24349
7805
7846
4273
36542
21771
8671
20131
15841
11032
36112
7448
10557
26204
26844
7959
14055
13224
26385
9562
10789
38401
32711
17249
4304
6734
19565
39405
32544
1935
31946
12688
38057
3299
32304
19387
10469
22546
28032
39878
11084
38017
11749
23517
30062
5918
5265
38927
20692
6316
17821
1017
22302
4978
40245
19609
16205
20259
11263
23842
23320
41068
9855
7687
11815
39084
23588
24230
16643
17310
33502
18484
8094
24950
30012
37530
8438
40035
27723
22992
2021
25128
23222
37082
39685
6988
9003
19112
9143
5380
31624
5934
10443
7213
31298
31807
24705
20460
18869
3802
10713
27599
24401
30465
34664
2141
9258
19601
13328
34777
36090
32370
28276
13807
40961
36829
31497
13182
29435
34410
30999
1917
38932
4017
3269
40800
8666
20365
9802
16624
21618
34397
38202
10609
28571
35145
37637
17029
19240
41184
5394
31032
29739
41063
24810
31331
20603
9086
24195
14125
1247
7498
37738
7014
24958
3610
5666
33052
31274
13395
14933
7946
38188
6171
9440
26163
12285
22339
3912
40700
34327
3372
1929
2272
29267
15342
14773
1936
18368
28824
9925
29047
3187
19555
24840
27439
28220
18248
23000
22634
23985
33537
4848
39641
38058
34407
26730
32405
38592
1753
21323
12503
22088
12605
12287
31106
31689
10400
4196
29756
23298
35442
29743
15190
14104
8615
12554
32464
30144
824
16569
29518
19780
23703
37634
11921
35180
7912
16224
11197
25294
39222
19751
10289
32632
26029
22493
17058
12790
31667
5707
26251
12706
16978
14881
10493
12598
25042
20194
29529
39726
36420
24637
31418
37311
32527
27383
7211
32047
4495
32719
9067
26339
24772
10944
38313
422
21885
14896
38848
6430
22976
15535
9001
29281
17368
5884
29409
30500
2856
13554
9202
27100
22023
6867
31074
14510
5011
36751
41248
28313
34101
14445
1505
3027
19892
4205
1828
39370
35015
3642
4398
30676
17605
16718
5223
8929
7284
25948
12423
40334
5203
34106
16091
17502
30198
35812
39349
8261
34737
4057
33321
31505
26835
29966
33530
9023
17148
5106
10794
33963
6304
29095
21379
5432
21444
33506
11034
9933
19136
207
41456
2613
14142
8953
10422
26655
19534
21630
13190
21236
10958
19966
15371
9400
18278
28753
38599
37216
4418
8245
35798
34874
17437
6364
23304
2991
25343
33389
37950
40087
5352
11094
33392
38043
4284
26896
25732
27697
4908
34901
7910
27595
7340
5836
41425
41090
6928
33993
35747
30866
15812
17808
8581
23886
35630
5343
3314
14368
8886
14532
19378
13260
18060
38799
31503
16947
4316
35121
41103
18312
2327
2929
7540
8539
8793
18535
317
29157
6813
13293
7061
23994
32432
40082
34206
3705
19633
8259
14732
16409
24933
37703
16846
35103
32178
25885
567
18718
22354
40270
8693
37871
4899
24510
28436
26911
6422
3520
17054
32482
23839
10061
6995
20480
35874
37534
11719
7481
14049
37815
22122
23851
1424
3718
5015
26779
24544
4705
7898
25746
13660
5407
4011
18715
31461
2940
8764
39151
4896
18695
35522
13450
33532
14865
16227
9331
36503
7685
37901
4462
40594
29963
9414
26814
39142
7841
12112
31225
26010
33069
36181
8430
36383
14579
34813
32672
31660
9756
6065
39601
33327
40063
12780
35958
17696
38454
15294
31276
5887
2338
924
30976
38771
35156
11645
14287
25117
15992
19651
12782
29572
32540
29452
408
22773
240
12689
36529
38847
2215
18054
24366
953
20804
28765
35055
12488
12042
2813
8883
38958
7347
6559
31859
12623
9090
23233
30889
34301
39723
27165
35531
28831
1174
40386
2427
19885
7446
26423
31200
27783
8116
8133
141
29168
11407
36169
14565
37176
20006
293
36959
1959
782
22977
4185
16459
62
40034
1293
30468
29978
30830
37207
6015
31263
38878
30609
28066
3510
30120
39998
13516
40992
4936
2632
13211
20536
13486
18779
1992
29659
36971
28340
8102
25743
103
24452
25808
31646
22965
9350
20437
22019
34779
15011
20643
1401
40318
13318
6091
4606
25114
40405
31094
37536
21959
5738
21822
1286
1225
10455
18711
9092
22605
6831
24087
598
15216
13592
23423
9299
12214
20180
9943
6760
10487
762
26616
36293
27618
34610
15754
33048
61
39862
6565
11889
36962
24850
13976
36167
6071
6108
21708
35584
16342
14803
11460
23155
9976
16089
11119
351
8685
39475
23686
1337
28452
16058
28620
17734
22465
2770
16309
7303
2030
37337
26602
4381
12794
27962
26349
18448
11898
13951
8296
40539
17608
19531
29541
22943
25508
37750
10772
34595
6241
28486
26115
35019
1661
7843
1169
28803
24607
25338
8528
3907
41059
24317
41216
16915
28508
8339
22520
14297
38271
39081
2342
27935
14271
3663
35006
25039
15923
26482
29181
28929
17461
34627
21544
6054
28578
31967
1464
7103
23427
29129
27818
10717
22343
37691
14023
10132
21008
34569
11995
20735
23393
13575
11856
24567
40111
11614
21009
41257
20292
7716
40102
3528
30159
26876
28215
35179
25468
21433
21671
12054
13913
34718
20762
18396
1850
24608
21378
38570
31246
38412
33481
1736
14903
36276
35902
33977
27367
22239
26797
24215
24756
29333
14942
16376
11487
14647
4651
15139
3961
33739
38378
27136
14818
16194
20690
34057
21583
41124
25075
4437
4402
32800
9472
33510
41190
19719
13132
26463
22289
8833
38897
4706
21409
31601
27434
36723
2313
34738
26633
1281
26345
2438
23880
32593
20995
26613
36910
35060
11900
35571
19481
25372
1835
32710
34158
9614
3886
40590
39211
15606
37314
30521
25854
7329
17592
6016
25928
38713
16747
23431
3419
13105
1420
28412
10420
16043
6417
20794
9243
21763
23085
3554
27385
2955
9149
2151
13368
36861
39930
26396
27426
29471
28475
37201
12811
1117
33024
28477
11095
17057
2460
7099
33463
2166
14578
17389
23428
16187
3597
630
14940
11820
31834
16735
17193
36512
1425
19753
37680
9781
32743
11179
37496
27709
32213
39108
33686
23353
26791
29616
29617
18279
9110
38445
18829
23021
21012
34210
40078
9865
23569
10743
33431
25965
37111
3885
34646
24967
40630
19545
21688
34261
4566
14879
29846
4660
14597
893
7676
7573
18606
5118
27947
17145
40609
22735
35017
300
39334
6440
1255
26232
10857
33570
21871
16294
28350
17198
38404
16967
2950
19388
5313
14292
34264
21538
10116
18335
25607
18260
7971
18536
23783
15691
11418
2735
3631
21978
15610
32588
25784
18392
27271
12975
32390
2086
23607
17583
29908
39967
28894
15228
7372
30805
33015
4662
7710
17759
22767
6627
26623
3950
40239
6727
14586
22697
31861
9126
8369
4090
30843
39529
8290
38554
33483
35746
33212
3234
379
18296
37961
35464
33953
41349
40641
33829
5835
39981
41167
36718
10494
511
38128
1404
9570
27213
27451
6476
26988
3218
21602
27545
37631
27685
17575
9366
30399
17202
16853
40643
5497
23577
31312
7351
19563
36564
13923
38117
38888
8715
12313
4449
30544
22926
904
31765
12937
19396
21631
1756
40948
23497
2726
23061
19289
1552
1162
19512
16606
37922
5285
16325
24577
27766
38673
13765
41254
24352
3448
3147
15988
40927
16267
27515
9804
15269
33526
32961
21088
6837
13137
28344
40587
26477
33222
31166
3133
24613
15462
40655
18438
34676
20861
7212
36075
894
29356
23535
34096
23486
25847
23600
39223
19861
25960
17259
40355
27448
30800
38774
31207
34034
33769
40908
37656
4875
11897
16835
29017
5735
39155
12258
7369
8421
30848
38685
18978
13986
26802
31767
23627
21965
35322
39507
4605
16042
3940
31044
26808
38632
5869
2947
41170
31079
39329
3491
2366
33018
35973
15385
8697
18339
10308
34898
33000
29589
32775
20801
30279
26852
33017
22758
30597
19034
31719
29767
35477
8948
41259
40056
19539
32313
22564
5410
11364
24136
21603
27867
7903
3041
29695
9696
30974
527
22285
27034
17673
34950
40767
8008
15793
33378
7857
16034
6287
171
37969
17572
13888
29150
33116
39305
30101
337
14341
22318
19015
17646
8105
24722
8287
26150
13312
27467
16988
15868
30412
23511
39011
30455
35741
26062
22014
32169
36598
1245
2867
40455
29046
20766
13085
20380
17028
21747
9902
4847
23779
32988
23344
29266
26592
33319
40704
2900
16513
12531
13311
16402
11542
4078
3761
10953
9850
26593
12276
28911
6915
34446
18192
31555
16002
35318
40127
41341
17417
38694
21699
40912
15280
24010
2832
9291
13380
13857
19630
20741
40412
5263
36406
13566
24844
7060
14956
32268
22717
36252
20171
25861
34008
8155
41066
35105
29345
37251
9886
11756
24757
24422
35490
1049
5957
29948
30095
7930
6078
6899
8089
39199
22695
14894
31304
13116
25590
10999
33722
21838
17862
19856
36368
34113
2699
23675
12998
23494
12252
1008
40843
19330
36143
8961
27261
31286
15886
24808
25563
13364
29212
32788
9308
5781
26941
3251
8074
24347
16539
32971
6128
38147
29336
20386
10643
22022
16782
18102
2733
8519
7483
6334
28784
224
26024
5074
39667
23218
40796
20300
37956
13531
2201
37234
16816
8497
23765
28664
30129
37662
24685
18245
18519
7528
21576
11198
31644
6940
30983
8719
7535
3037
38019
15718
18416
33248
39749
40039
18559
7585
16591
31066
39716
34209
12876
8202
19044
11226
15402
28424
1484
31178
31840
22078
21259
13339
31160
13313
21749
23981
12927
37564
15204
35864
16733
29704
35114
17210
29077
29488
39056
10960
12110
40768
9644
17246
18100
31930
9304
28599
11735
26689
20532
14554
17847
16054
20198
1388
20534
402
8153
36652
24598
12260
29553
12970
8815
8619
23041
1760
34305
17804
20807
2785
7796
1426
7538
5527
14242
39871
33355
876
14738
31003
9432
12125
33937
15552
27121
11881
28199
8086
2846
23704
19199
33695
35304
21268
14728
28755
13488
22246
25651
12844
37801
3262
40419
3486
1895
35
10858
15721
18656
29577
12611
40243
5019
323
32381
41483
32537
19433
9889
32745
9255
38295
27750
9338
35673
1262
40551
39306
18489
33081
21476
22788
32016
11077
19264
1945
26151
8201
2379
39158
26441
26651
31381
12001
6404
21423
16418
19562
30172
8292
39318
29769
19085
30945
11858
22455
5059
34248
28146
4206
22579
30773
23248
20315
35863
41263
38565
20193
2528
1352
8537
24501
18150
21517
35371
26700
40495
22093
28028
26801
28650
27800
33644
14470
28569
3992
26746
29736
3599
24629
22781
15885
32850
21506
10473
6501
8249
15333
11449
20014
22917
9589
32024
711
14876
34694
24123
17367
19812
31148
27174
33215
33282
6163
38101
39722
21986
13790
18237
41368
31067
40987
15807
18694
31924
40661
31329
20027
31126
29857
13663
35033
34427
16202
27520
14911
1048
26110
509
29629
22771
2239
22417
8887
40459
23709
27769
28621
30282
34768
10393
12583
22895
3091
8084
34471
40941
9633
781
39249
4690
9145
17927
31203
17309
17950
30186
651
36873
35862
32738
23786
11933
5595
34325
28401
18151
28445
23162
6414
35104
32086
17089
3349
19391
37048
34615
4781
37769
37107
12573
18839
20422
9973
8505
20520
23141
32636
7844
31900
878
9983
37931
12415
17443
11018
4648
40257
14176
16806
9433
26457
20697
1900
23971
1270
35698
36888
25192
28613
39493
37967
37666
34355
5406
21096
27154
23998
15983
21798
39282
7524
39548
32448
23118
8239
29380
29355
17406
6439
41195
7275
4484
7277
19536
22964
33264
10304
27279
30916
38056
26214
13659
1559
32930
16060
12949
34428
15780
37415
38463
40903
19973
25674
38942
325
23284
17456
41310
2370
19603
39889
22544
33236
25602
28433
20349
24790
22376
30048
36634
18890
23481
18016
20777
21299
22397
37086
19414
40724
31055
10024
20419
31661
8458
27739
13896
25168
7997
39500
39292
7899
28432
2697
30420
35723
38370
35107
30548
22968
14833
40248
29377
29251
18164
7601
32214
30725
19118
35883
4131
6395
15789
27895
27461
21308
5723
39556
2765
29896
6397
7690
24393
37173
10291
2795
18152
11316
15545
2056
31885
13950
34199
37409
32581
22335
14745
1377
11855
23149
13357
2571
37758
8285
20748
28097
582
9498
37029
37833
28190
12310
20796
3212
38344
23322
40928
13727
2378
34228
40426
25132
4623
3440
24739
36081
31936
5982
31262
10825
265
6194
26414
29550
36702
6708
9669
12795
36900
21845
19226
23447
24506
39537
852
4466
20846
25851
29259
20007
30514
14007
16130
22442
27391
28886
15526
29234
9240
33980
18853
6415
6769
3084
17752
30677
36862
27210
3408
3530
19977
21246
24288
14123
31788
29025
27488
5158
19739
2192
39935
11210
7024
3489
38323
13305
25021
23467
155
7657
35287
35963
7617
27968
3312
39178
11711
29310
10074
25107
30730
39815
30206
21091
19093
19327
9187
17655
30321
16777
15987
25929
1415
14616
39346
7708
30143
22580
33982
27299
23893
40007
32936
11660
15156
7431
19705
37782
34337
26880
23680
33652
6383
31943
37199
9355
7469
19042
30219
4335
29018
33333
34161
22893
38235
25248
18199
15429
38142
32682
10896
11088
27642
21112
38154
3030
980
1715
14985
21801
28237
10497
25996
24331
32758
31805
22334
6493
28918
18037
39317
41443
30910
30249
10344
28606
13615
16949
2828
32237
22827
15188
11972
5921
13391
16872
21673
32605
28427
18777
36130
6704
34594
20853
27993
24863
38363
40317
28006
4178
15508
2513
36594
4451
35860
38430
18202
2523
41043
5087
29844
26089
6
30752
29418
37138
20966
1418
21023
30573
22326
2426
17818
20494
2973
9698
29042
21758
23237
30439
21516
30452
31501
5806
37109
17360
25812
25572
30934
29470
3492
1463
18332
6144
39245
13535
12478
40829
18577
5511
33961
29198
38239
36159
35689
32052
18400
40154
10581
11403
2636
12720
34674
13154
11193
5251
35745
34402
11266
20050
30644
28034
2337
6285
12087
7551
5520
38849
28263
8690
5114
4214
3561
17716
35621
33290
28799
26940
30416
1972
2794
21150
30924
14461
434
17308
35223
3195
37633
39987
16668
39776
12118
35524
13039
4494
38658
14746
2903
14654
35794
34568
24090
33711
19353
1140
40610
21144
27479
15629
20765
12242
40564
1130
21464
2834
15913
25216
22259
1986
19471
23818
26652
27656
1132
18122
4026
10840
21557
26829
26603
39979
11743
17952
5989
14295
5291
1947
35416
11439
22763
9030
19761
641
17444
30189
2775
32293
27917
5643
27734
8317
15543
32653
23501
28092
37814
5758
25712
4827
15974
18380
31249
550
1366
35622
35929
40722
18186
36471
38410
37181
16559
5349
36118
40989
3164
1012
32851
37422
30707
15038
18413
40592
34705
6040
24847
27323
38168
22195
33218
16514
2869
366
33428
29263
20500
21919
37382
28553
17491
7378
3457
9133
36138
20845
38227
21172
11896
14716
9227
29335
38165
17555
33120
37748
32990
10752
26201
7702
38431
30717
5986
18910
31227
2547
10942
9571
27352
33198
18482
40969
9922
38999
29932
23618
24389
24564
39894
41350
23493
28691
23299
4366
39850
4470
15437
34723
29768
18078
8568
32019
6338
36786
18790
32690
22944
10739
4793
4252
11389
15199
12447
22305
8567
37623
796
29587
25212
26677
31482
15382
39586
18943
18705
20093
29138
32062
26874
11998
19557
20303
7406
9846
28096
1302
25413
6737
2851
10616
10815
18733
21055
27934
38210
27604
17870
28903
21657
31244
6519
27319
23759
25619
7256
17924
22782
13942
2129
35189
34931
37376
24327
41205
35502
23008
32877
33689
17586
40276
40810
18742
38187
16665
11706
6420
13511
18528
3285
23637
37741
18077
33486
37522
2702
41462
28164
36585
7864
16388
5788
4753
9618
19467
27792
39315
13323
37050
27300
37899
13062
3903
11299
29357
6538
7382
4991
18594
17613
7876
491
20346
35704
4837
2532
14811
18938
17764
17294
25454
31408
211
32627
25769
11277
30096
10640
38810
24377
8773
39301
31643
38957
29822
7561
5082
39707
20136
28168
36907
30698
10854
16458
2474
21674
31483
7552
15702
32155
11133
41087
38015
14495
27674
27912
37224
35316
29273
26949
31479
10237
4751
11906
27011
39678
16014
10363
13935
27441
33396
36530
3963
8185
8880
40822
1699
24597
15536
4397
470
4610
12177
12579
35198
5793
7740
39198
17560
11164
14540
6725
40666
26872
2827
33671
38255
39133
12408
8472
28485
31323
38574
38871
1617
7508
39905
31023
41213
20302
28806
14143
28880
29894
17186
36720
19589
22535
8694
23966
3636
38206
23798
9188
36326
41476
10357
30134
19489
3700
31935
6957
6111
40530
13240
12599
32787
9359
8532
21175
17333
9766
681
8395
14412
25236
9203
37079
17359
17587
14567
31034
15042
12409
23747
15554
31902
27068
9825
13079
3089
37100
9677
37276
26391
38778
33761
5346
25852
29262
3250
330
3575
24861
17243
13397
36334
39787
21318
1902
10462
14725
38892
39700
19849
5842
11506
22234
8007
27540
5258
24223
5731
41116
13180
22677
33975
31413
32869
6206
32315
34663
32574
17280
33973
9538
8613
10372
29354
37655
20595
26159
2789
20326
7803
23741
10708
23909
12090
37398
10920
25419
36164
2436
10822
31377
27958
39932
37147
11396
39123
35537
24104
39044
31877
12105
6416
34839
7954
8699
40911
30081
7348
29126
38980
37260
21664
2881
26693
12747
17689
39595
32680
9325
37504
29410
11173
29282
16800
38476
31169
13063
30069
7807
14768
9144
32308
18563
5482
11690
12280
27873
40370
19916
15024
18820
32957
39296
35039
22399
6580
15628
3939
1107
24336
34988
37255
23745
38033
35355
30440
37259
19094
39247
4448
35158
33255
278
17008
4562
15683
7501
5771
10002
26301
20434
1323
8985
26588
30600
11331
2700
39300
3412
1764
22363
7941
27500
1701
7226
19829
30324
38558
16321
20044
19435
33869
18597
2286
5848
36158
25976
9317
16213
16115
38265
40795
39539
6755
5911
25407
19366
2185
16831
21621
6321
33925
801
28293
38018
27358
14523
25786
7771
39033
16829
5999
22873
34955
21505
36860
28708
1461
8057
15426
22094
35202
24602
37818
4158
9528
25242
32420
37761
29712
11683
1995
34139
11967
36784
11731
12468
40593
15938
24969
2200
20922
6849
23073
90
37297
33234
18977
26705
6721
17741
26107
23712
17066
6183
3552
5961
39990
13519
19698
28612
35602
35149
36662
35127
7193
22108
8323
6350
37618
2969
10870
2624
35854
14358
16132
8911
26389
39297
28757
23983
23103
3324
9278
17593
23488
5008
40025
32623
3676
8868
22847
24194
37115
32963
34141
15003
5998
24245
23180
20903
15367
40407
22329
36704
32592
3853
40678
33624
32283
41430
16817
9730
20280
28756
40583
4195
38764
27353
18907
5770
29500
32656
34466
33691
33194
29989
4912
20001
2542
20036
12256
20465
30777
20886
10239
31815
10667
36366
40646
7373
24248
7565
16269
39874
1326
6667
7344
11961
17836
31233
31195
38496
1951
19193
977
25780
33998
31929
40622
8866
23682
38048
32357
13556
18003
38335
16621
7609
21276
4336
2074
41287
19298
11938
19688
14548
26530
18076
2150
2138
21548
13965
17693
21322
23797
13742
10035
30213
23244
35703
3229
31704
3025
10548
22638
14159
3810
38701
2711
6729
33772
27719
37163
7454
19655
10848
15941
3452
10163
28583
2907
2349
17451
15201
33636
2815
6413
572
10732
14755
6718
20403
24659
25344
37810
37346
13796
16575
21736
838
24786
14035
7379
38193
17517
20991
36630
23810
31533
25140
2340
34182
26900
7985
16254
301
22817
4137
865
3166
280
19491
24972
14112
18582
36379
5544
15940
7065
40723
19658
7896
17087
9801
27312
10863
40799
6478
25859
36584
9728
39632
30665
26138
11132
23335
41321
14968
28696
2119
35050
9357
10902
22731
38123
33542
2268
5093
15694
10191
31932
15715
12741
19775
25901
32514
14381
22754
32127
9934
25368
16736
24113
12251
14042
40618
21199
27922
24646
16670
38945
10031
29585
487
6566
32701
794
21085
27307
23887
35503
17268
9249
25949
8476
27516
12298
33950
36236
14284
24717
28416
3670
29406
16594
25807
11138
27714
34392
7516
14472
10868
35352
736
13152
33625
29006
7120
227
5562
8068
32700
2422
39644
18244
37172
6098
40092
34543
1654
19277
37357
424
21601
792
20600
11357
8640
21499
5942
29776
8308
36308
26527
4583
13067
4509
40493
36446
23557
3451
747
22069
24686
21185
5855
26708
16045
586
7404
5295
12527
3177
26495
22714
4277
39901
12676
34247
20941
7066
33281
29998
2956
3066
7995
33890
39415
1266
33509
13166
9271
32007
27662
8431
2582
37072
338
17697
9254
25162
24865
4864
16994
17204
3406
39821
32040
4579
21344
22658
38989
5159
39257
18008
9342
21438
7951
15442
5526
41312
5176
30670
9288
33771
36941
12557
23796
29912
1863
3766
4085
5512
25700
37267
13439
39382
22000
5357
16375
9054
25924
15813
20052
20100
14400
37919
31353
18498
25623
29664
27977
23579
39683
7472
34883
11490
37372
36361
27764
24793
22809
36991
9190
12208
29779
36047
1759
24386
31405
39395
10075
1328
16798
13066
11062
24827
24625
17136
32806
35243
25962
20948
36742
37152
22086
30590
36224
34919
9844
28049
6994
22928
16345
35262
20719
17158
34234
18428
15242
22177
16492
40968
4803
27661
26868
26317
28232
17381
4710
25357
36768
8962
37918
8411
19657
12303
70
32943
2416
7336
39255
20017
12745
12239
7447
32664
39896
30639
25648
1538
19331
37663
13854
33415
35139
12129
18442
41371
23399
40219
22589
9860
28962
24482
14563
7191
24806
12011
6094
24989
5679
11553
23468
14550
35593
13336
29074
37180
13748
17666
16754
18746
24429
24382
21202
32087
4724
2935
34315
35113
23581
11772
30778
30489
17780
40949
1557
1277
7363
29041
19745
9649
12249
9197
40001
37953
17397
16641
26346
20815
12591
9840
24961
17664
30711
23146
38583
40389
13404
35979
10673
18933
15374
12698
4553
5644
38749
13009
6034
6535
34255
24723
40553
29228
21924
14829
27375
15899
16429
19247
34673
33235
19874
744
17645
9505
4914
35670
40013
27480
21565
13947
22882
28659
40171
4972
25379
37995
24493
1340
5086
16732
6360
10757
2324
2149
17827
29395
36017
36682
1613
19027
38977
36205
18129
962
3139
7307
29914
31604
23422
15129
2766
2218
19582
36776
22297
13358
18425
2306
28885
38596
36440
4790
6842
3925
16347
33123
33916
17286
36479
16760
27000
28937
23655
24574
18130
15616
7622
5895
18034
15732
21570
37373
23758
34434
6270
9158
15665
14356
31607
6659
27823
11842
30035
33837
2469
31412
20932
41452
39937
36750
31007
31287
31196
8315
25874
23764
21225
23865
27782
26291
21488
12012
15383
22125
34982
19762
39380
24701
40065
25043
33143
40375
33136
20031
3686
8061
29588
30037
20095
22872
31915
4148
17356
7399
41420
31635
31729
40437
14957
15150
21254
19236
34272
29241
38901
13014
14027
15000
16215
26703
2429
3322
33109
21539
9764
26804
2622
5331
21477
24416
21806
18422
22644
12041
1406
34129
35108
23014
40680
9989
31360
35946
9596
30551
18108
3709
8630
5423
9131
25298
21998
9235
37840
2330
1882
38289
21000
37074
15479
11374
37783
5412
31904
34927
20187
36340
39621
39077
22317
2397
27072
7782
8825
28504
9690
23370
1666
314
30268
10088
20463
6454
32812
34621
35879
22784
28677
30741
21638
10959
15695
29360
31174
40315
32428
32485
14105
22863
11306
28473
28273
40794
12357
31931
21711
41382
9697
27002
401
18726
3149
23760
25621
26704
30825
32528
8939
31269
24889
17529
11027
2446
26698
31242
28648
6651
2638
22190
25507
34915
29007
14200
1487
8983
17297
15962
30796
15105
3647
36929
37235
36279
27986
23445
33822
10716
28565
34026
35273
15854
22874
30757
10551
20267
33456
3267
30595
16750
13047
18543
22702
6020
11510
31493
12172
29576
33710
25243
833
36794
10478
39549
24084
26126
2210
31135
31375
26061
39725
31745
17846
40702
40070
30404
5863
1462
37178
34875
34230
23036
1558
30317
8420
1444
25051
12801
3958
2644
25536
1949
17116
41017
36119
25420
23345
29982
4829
25327
33626
12882
5354
17271
30407
37736
15587
29573
34267
5353
21180
24791
1274
22523
27691
37592
14149
34656
18258
34214
34058
8969
22496
25307
38478
7815
9229
6299
36336
28661
18874
39510
15373
416
36278
26654
18955
21811
21336
35787
32278
9279
4653
11140
33627
26141
1198
4154
5455
9004
26497
26713
12316
18435
11001
24076
4464
27622
38890
14780
21439
26860
1752
39854
21454
9927
15250
4696
19303
21525
36849
40107
381
16448
29816
29766
19279
12106
30780
18225
29870
3298
14465
20181
16527
27799
15861
3850
9021
39201
8142
4114
29392
31084
14868
22505
17654
1507
13280
12887
15179
20236
33637
16432
25911
3047
17100
36327
11963
12457
7760
39110
15880
22160
2517
32339
16208
7089
19340
39846
6829
11241
17369
37989
22949
28629
8635
6267
35911
34546
33760
11713
31291
12862
5565
6830
8820
7198
6209
8186
21092
20352
36651
33600
33352
41142
6043
21181
9384
32643
28642
17662
19583
24405
7016
20599
21179
10720
18009
27412
20840
2095
8912
9416
29784
12935
5742
38060
40057
28802
23193
10351
29661
28533
33380
41169
22896
5299
12461
38761
16997
31892
1312
37603
41327
36302
40776
10525
25882
18490
17658
29403
17905
16883
39636
29144
5716
6202
39311
19786
41434
36
34675
20641
7093
40790
35791
38371
38822
14987
29924
17218
39766
8219
20395
10197
37498
12051
41372
36966
3010
6505
4322
14690
4906
32772
724
34669
3000
32736
15874
22794
13699
10945
30230
35685
16650
23689
24139
33252
35154
17370
10182
9349
28117
1011
34837
32104
36878
4609
19070
25580
41088
22481
40215
33935
11302
26590
3865
25112
19706
29227
41333
3058
17840
35927
37914
19410
3449
21561
9918
28358
31562
27829
14674
33073
9431
18534
9231
39938
19130
28713
34320
12700
27378
4060
24042
20168
39783
35760
27416
4532
34138
13578
18006
37485
11075
6975
23752
10613
38503
31380
9005
41037
36627
37695
9856
5668
41069
14983
26111
34797
1713
12017
22516
6143
1161
40775
24105
38654
8148
19621
36333
28791
6712
31926
7780
21925
27704
34552
39606
23398
19092
20524
4534
20219
21595
22424
27212
35151
19329
30260
14518
40008
19181
5310
20685
33006
34065
39652
40316
441
10986
20161
29232
10703
24419
30112
31143
1457
31585
13653
32020
5023
27921
37264
35708
30383
27883
11884
23496
12097
17229
27804
34820
15315
10392
23941
38593
20774
357
32960
1546
30292
19223
16125
31370
9674
11492
24030
23794
18713
38109
22205
21796
26624
38687
26011
13560
15224
40960
35853
19813
24663
38214
19839
40611
32727
15799
22720
31245
35688
28472
20021
2879
12434
38807
28323
30391
39982
7842
31717
38153
40669
5908
9477
25485
36465
32511
19251
4180
23935
23016
9326
25319
31303
22853
19919
7835
26820
28998
27996
26161
18012
31508
10007
32161
9063
14066
35224
19581
6550
19847
36040
21402
19307
30211
25465
31880
8208
1477
1284
15482
32306
1569
26943
36737
32818
28279
28593
25342
12395
2222
31040
3949
1350
19354
14174
40540
6887
16178
32251
30170
992
7172
38517
30221
23410
35893
18736
19577
15026
40105
27923
3795
13671
36944
41198
1082
10409
28402
36398
10352
37038
33091
39794
36042
16249
31706
173
24049
29109
40535
978
223
17890
27026
11564
11778
33607
36602
35924
6330
36362
4290
15433
9521
9059
31851
20443
18796
30185
2127
32043
39112
7588
13212
8055
20402
38336
24721
23367
531
25130
21419
27070
15451
12899
7332
1143
30245
33969
28832
33962
19225
20526
7576
32975
24316
20578
34321
8342
7273
10646
10867
4347
17687
19744
19400
25497
34419
4046
30277
22298
11248
23091
25591
30607
32068
20010
33750
18702
1188
10521
20377
10303
31283
5113
673
17279
290
9763
35930
12362
38013
7202
6733
5340
14500
19507
30361
363
16951
37085
21540
17470
24782
30749
37236
24106
14609
40440
23942
23124
18875
20546
12863
33843
547
40924
27245
38305
5136
12645
4507
15240
17023
22942
23871
27061
25470
36109
13957
28970
33796
39559
30877
17480
17842
39015
16427
16943
14730
18038
19160
9380
17585
40897
15048
23143
13733
22830
11024
15387
25060
4748
16387
37902
4947
27117
5393
4846
34916
37735
18445
23960
6119
8401
40561
12272
2393
29831
29728
22003
33044
40674
10701
10470
35715
20809
37933
25474
18539
13023
35209
8834
30241
13821
38820
19618
25716
20311
7398
36885
19771
9333
34628
18440
24258
1847
20658
39161
8862
41152
37222
14197
37486
36648
9330
24477
17609
17901
26040
15328
22654
8650
27428
21855
31903
21082
18526
20177
37586
24469
7518
8457
9819
24647
17873
21685
29955
36054
21326
27007
26817
7543
24279
332
24732
8889
30518
26796
35550
15524
4305
27568
38283
11597
4832
34223
20907
26847
35353
19421
13159
27641
21279
18761
8828
13379
33751
1440
41283
8282
18810
16121
17347
6894
32765
36854
26188
30774
17083
13256
6029
3906
28589
33614
19265
30532
12568
28478
2620
31052
21890
34951
8344
39686
29385
39691
1751
29254
32548
948
17150
16547
17484
32288
928
27625
30429
5235
3243
5625
27240
17188
15154
8926
38616
35118
40946
13174
4924
13096
34878
715
5150
30772
36422
9094
21830
12437
17324
5324
19734
20089
23045
22571
19996
31698
15654
22716
33568
36843
13983
37316
23338
29918
37435
40414
14141
30410
29509
9268
27963
28147
35901
13239
5311
1030
6201
37087
29063
3278
16297
22963
40983
28991
6948
16713
39229
28836
29703
384
14591
4476
23840
1075
21839
22268
10472
16890
16964
20518
8991
8488
17720
36098
11685
24344
6943
10774
16270
2938
17050
4360
7458
23074
21622
30030
39163
9520
8743
11928
28789
17004
12274
29794
41148
39321
30630
30487
40014
26667
7529
19224
328
19578
21573
6687
1470
15117
32186
22844
18622
34860
3358
34952
3756
28236
27318
11613
14038
35280
15832
19902
24319
23138
17140
28134
27894
40458
38906
18831
3425
16167
23080
41408
16334
7313
9285
21661
8380
21738
22303
36790
37026
25705
34227
9422
24821
2162
31639
6663
8174
28842
27097
4415
34796
40398
14580
9496
37476
39183
18550
9909
39104
32684
25211
13390
2304
23792
12875
36116
11640
6710
15670
13731
29171
21853
31741
4467
6588
27737
8918
24762
7353
20054
3730
27227
36826
11991
2825
40369
14398
21735
11537
22049
35799
6728
4556
40388
7270
13460
12193
24860
2530
4694
3128
2722
13972
14990
30454
39482
22527
26561
30182
21905
4292
16902
30727
23214
37895
10321
14384
28321
25693
3053
27738
26180
27401
12371
2933
668
14667
27632
29690
7224
37052
33108
18325
25719
30517
4721
18655
24284
18919
1711
30147
17179
33654
29607
32675
31059
3225
38481
30477
38728
4587
38220
22923
35771
34148
3082
6986
40137
6366
40172
28329
17211
24524
13127
2936
27706
7384
31270
177
18365
31363
1263
6235
2402
9729
33279
25519
38621
16985
30631
34530
10234
14516
13278
8024
33444
21995
22533
19293
3130
1197
6187
2155
3890
19389
25377
38784
34853
31366
32423
29539
10334
20015
39746
38626
532
37453
35590
815
32905
4801
31133
13000
33967
16441
12223
11359
24399
15447
32754
32090
36692
17137
30288
22073
40366
35456
35041
12851
3673
10014
2295
727
31214
16678
12853
5523
1429
35474
12885
15055
9489
18693
13294
39903
34071
23027
21883
14594
24462
7370
21904
1414
40972
38160
39836
6805
9942
30325
38979
2792
3714
23065
25879
16287
18246
26684
14361
20113
17247
9881
29614
9481
14114
9883
29132
6157
12575
581
36092
11284
57
26108
30034
11871
12679
28356
1923
9198
8
13457
1355
9415
27150
4836
16017
12302
15308
35389
34212
35117
87
14601
430
37826
5524
37237
22365
37063
17481
13434
23430
10652
16234
32507
30759
15916
11340
626
3309
11579
16083
12674
35035
39563
16298
15642
41163
9173
29979
25491
27943
7592
1618
8477
10663
31018
7822
19953
3731
21813
22428
22121
11861
20312
10394
16356
8248
33047
13662
5252
18277
36633
7118
10662
32639
30907
38249
31842
21518
40882
33667
31051
32478
40454
12544
38232
14239
21928
33174
13276
5212
38988
3735
25399
2420
30039
36998
13474
28294
6593
29222
31500
9912
22345
23753
34596
27821
36765
9353
1901
16403
19376
28210
23208
14808
32725
25402
31089
28359
36049
41123
40584
34814
4989
27313
18262
19951
30099
640
19167
38584
2237
39580
21849
1220
38175
24150
1926
7468
15601
36556
40857
20738
11568
6832
36930
31510
35187
30862
15529
16509
10849
11924
16945
19152
13392
24750
29503
1207
19617
3644
38756
6132
20209
10012
16707
8724
7403
4877
14696
23443
34858
39869
5095
28191
35305
8082
21018
518
40720
19723
25210
21921
4100
31473
38868
11128
21809
26014
9693
22051
25159
1025
20632
33280
4814
1775
22894
9887
13267
29466
18765
29596
7067
2270
17071
16724
28021
6339
13319
25371
39615
37704
5852
5356
3273
26223
4124
18589
28837
7435
1545
21425
22039
22879
21355
37715
15837
18678
20673
13068
14490
23690
4071
35523
28053
15609
184
26233
19628
36893
12850
4139
18269
12604
29868
14572
22685
19828
32716
39399
27275
6906
7633
26550
17039
30623
21882
17024
17439
32369
21703
24573
38134
5870
14464
23341
14656
21941
36035
13195
2395
13944
22443
18625
33001
2424
15767
37283
19824
37702
12559
35065
26114
29059
32956
16371
36424
13172
1537
35051
7652
37315
34460
40892
5492
8501
10559
29981
18173
23059
28201
17379
22145
8730
36084
29967
15312
36818
26513
26394
21551
31425
18185
26410
25108
27453
31547
19285
37277
25870
15352
3097
32102
23889
31656
8242
5718
16613
29196
19535
25921
8047
2384
12936
39674
13427
12297
2757
16565
17675
3481
30370
11800
3836
34997
31986
16018
13269
12894
34163
12109
3624
23975
35825
18604
32492
36637
6117
13025
21024
34661
32477
4779
10370
21568
7944
12737
11890
20228
9554
225
31811
17880
20732
38387
4722
8265
38133
28258
10831
3054
2942
36414
35678
32008
24585
13810
15550
31163
22983
20585
37601
11341
30328
38521
33917
25504
39285
40974
21803
38432
206
33581
666
25894
145
3915
2899
40806
1750
16118
23294
35384
6234
24378
22244
13102
12825
35766
1356
17877
11760
36421
31575
22645
26307
5575
29886
24811
34550
37773
17435
12821
6856
1909
41282
34843
12010
30534
24396
2559
38733
35424
41373
33058
1834
2577
37767
28102
22772
7559
7922
4808
33020
23164
5761
12514
6703
14847
17092
15613
12498
1677
23977
27936
24655
28160
3595
83
28207
15928
6982
41367
150
10506
28443
25932
34415
9483
7594
11261
21567
9700
11398
1516
15275
5663
5555
3124
35535
31112
39575
32823
30714
684
6913
8002
23251
35143
40093
25914
41057
40860
3308
30865
5070
22163
28274
5794
8709
38559
4150
25858
7263
40197
1378
36949
2788
35328
37219
12872
40340
31009
40534
13398
40401
38376
13482
13880
17361
33680
4511
20144
28047
19624
3156
37583
32103
29781
40631
10841
38965
19790
10248
18318
34251
15146
12639
12250
21327
26132
28670
18999
36183
22700
40589
23502
35674
40573
28726
23068
9758
21686
8378
32132
20829
18515
32285
33826
17107
24423
39085
34044
13284
21552
35181
1641
188
7122
37492
91
24357
4503
24156
29438
1191
19515
33767
3377
14776
11433
36490
29667
25416
6516
33909
22380
7975
27998
24858
37365
35786
40113
26000
14152
10333
23824
11514
4394
13163
32702
32177
30724
12470
26709
35373
8547
37320
21004
37591
23972
38120
20611
21057
21328
25637
30994
36175
30002
30942
13101
22704
29911
37078
20875
25695
7987
36403
5163
40758
20682
29170
33855
31908
33145
41427
1915
18795
36558
16210
16430
36874
40117
30747
29771
28212
37639
22504
8330
19078
33484
12718
29519
6671
20088
35013
30736
31108
32053
24265
20149
17197
5785
25258
21716
38016
34290
35370
24555
15603
25156
4389
9310
26344
31515
24927
28136
26600
22592
29004
25488
5645
609
3182
33881
2078
30006
12989
3767
33685
12749
10906
19895
22184
23312
7356
17338
25014
21687
33633
27786
529
7998
5994
20916
635
15699
21111
36282
38354
2664
505
7579
19047
2233
38972
28239
14858
12784
34699
17707
33243
10780
41260
36219
20117
13576
13901
5191
20378
20043
15649
6534
12283
18033
17670
6158
29523
40746
26724
21391
30494
1439
3549
40827
16781
17276
30142
17695
7261
12420
33613
19348
743
3560
20331
29748
21836
1844
17151
36763
11825
8003
24916
6425
37984
22606
4136
21122
35575
34339
18249
39521
37610
4500
21908
19220
24167
13520
18041
3837
7707
36148
20456
14414
2509
32674
19569
5091
6277
16353
36740
30384
6847
9660
19216
17611
36823
17358
18285
40099
13386
11641
17966
31368
7027
33097
9275
21200
9215
13034
10877
32879
36267
21371
21031
10461
2924
814
8949
6942
22347
9343
18562
10823
26386
17255
35541
21495
2572
16047
40308
13930
367
11673
22295
37584
41082
10295
28782
24164
17153
26022
8555
22368
5677
34070
27292
30863
6922
19648
26373
1301
34787
36410
9226
21730
30450
30076
25292
38010
16056
4669
40955
23729
1403
37281
32480
38948
40174
39052
34470
4559
35407
28512
23282
21359
25840
8448
18807
11715
17638
35232
33729
21
15279
10390
36086
14411
6264
14643
27740
38243
29105
4145
20867
35278
39429
32108
18159
14029
23691
9459
8543
13355
36599
26487
18560
30222
36204
39337
25972
2906
3859
3336
3454
38637
10655
36724
19592
41030
3727
26217
13080
35377
37667
10647
11130
11704
6675
11588
26878
28759
22855
27663
23098
41092
29147
5192
26631
16308
34401
40900
11029
15804
26398
20475
20848
17757
27949
12022
16314
14648
10280
34930
40659
26732
22015
33713
35216
24674
37193
31855
23010
8137
30529
7627
4468
26003
32398
8115
2058
16290
27232
26502
5543
25071
1314
23912
2895
10976
10723
20902
13401
6537
27924
22621
29154
7863
35302
36670
24026
9747
20211
7365
9450
35931
16518
38190
245
2241
38539
24166
477
37985
39950
16152
7960
39184
12517
23394
6987
37742
12493
20333
21360
35290
36642
8335
17413
20381
35046
33668
29558
5631
34472
2245
31963
19522
31118
38151
29635
19166
934
41331
4536
20063
14618
9452
21834
31416
22525
30128
36875
26946
13207
9809
1233
19137
36928
18985
15518
241
12636
9785
31511
38644
28174
25300
28871
13952
8491
17467
24089
16276
18303
17003
26154
4299
23817
20367
36029
448
752
19613
24075
27862
1866
37367
2318
2692
969
9873
2240
12269
40999
21489
18648
40268
1022
3477
21534
6814
12222
991
14118
12474
16873
26546
37945
1136
16272
6087
14930
15336
8778
33920
15873
37164
16528
13282
4129
35023
25353
27469
27123
28030
13055
22970
40143
37911
6167
10888
34013
3868
16508
40430
26093
16703
34636
6337
23814
12288
30619
18
34348
12031
31296
4261
39374
7397
23835
33132
20447
15675
20746
29037
21460
1129
8104
9007
15522
31117
27983
27702
8170
14168
2782
24109
39522
1142
12615
16711
39069
10649
7881
38251
4194
25876
33457
7282
23185
685
13053
34961
39325
5327
21789
38754
23257
28488
1145
28744
4084
25630
29036
6021
1716
3144
18887
36056
15172
37120
4002
17104
14258
20471
35586
2092
10560
14404
37781
41073
3717
8882
18590
35141
15748
22756
27868
40263
2362
21480
24583
40812
20139
2428
17568
11532
3258
17187
39487
25868
21946
7916
28459
39179
37061
38505
26853
7240
29321
40442
32698
9042
21305
10630
10705
32262
36157
27177
28326
31965
4187
29446
32764
21231
14527
38000
21060
7304
38752
9689
40448
3142
17869
40647
7854
26455
3154
40793
39609
28081
26169
35548
40
41176
35463
6748
4482
14145
17663
29512
18213
3171
29009
28684
29455
39656
14962
10756
6450
7079
15060
533
32774
9296
38991
10011
4469
13108
35279
1109
7544
27941
9293
13739
34094
22733
392
18834
37570
5467
21493
24740
20424
39444
18873
11966
13781
10911
27173
24438
11593
759
3873
35163
3198
18686
36644
11876
15112
33653
32388
4874
38113
1883
21032
16932
5098
19014
23328
16504
31939
8053
20558
24880
5201
27839
15157
17684
27487
4886
35762
25568
25408
32509
27359
18805
22982
25145
14040
11426
40089
13619
39697
34107
5622
8706
6435
27462
17614
11865
25099
1214
30937
37525
2593
33328
38770
39870
4611
23619
23048
24286
2784
25158
18974
25599
39910
22911
24966
37878
2204
6131
19962
37976
41079
4120
23881
872
37599
33254
35144
19984
27440
2148
23563
24346
22011
4073
19390
15978
35554
21586
28211
31659
39309
27593
33373
1394
13307
485
10480
35323
25483
18287
22126
16176
2452
1793
19455
5355
3928
3023
20911
4555
4044
29792
15521
12099
21089
4272
18142
10194
13644
9773
15557
19432
16555
21427
17671
32667
10154
39730
29134
18114
3319
24127
16408
28581
4021
21701
25299
41026
4744
22776
17699
30553
10203
20243
31213
23087
16365
11817
13185
36964
30497
20195
29620
16244
1605
23536
3512
27718
39406
10546
21784
7906
30992
26545
29408
36345
12418
18206
32106
33285
29038
29318
20890
36806
33673
23624
41032
27320
1360
13399
37005
10456
18757
34798
24794
18194
39865
7438
5571
5491
23269
9535
28143
20056
28870
22321
6424
2934
15268
11522
38662
37839
14843
21417
41106
12731
9475
13549
15380
9266
35053
36764
4486
29578
41208
31455
3347
17686
4359
21926
11
2835
29969
27730
6217
1489
36579
9704
18268
18551
26905
33763
11486
7299
38816
18467
22278
3747
8229
6624
350
18758
40517
26028
35408
10627
17035
20668
39718
8271
4592
22187
24114
18555
22164
5371
27155
35763
28348
37728
34229
20022
28904
912
41218
3792
19218
4424
30089
33332
636
32979
23246
39476
11111
18704
8714
15226
33101
18189
1064
20773
2208
19133
15581
18949
32204
1612
14418
15206
12627
5703
5948
8784
16849
7125
16370
27447
16108
37752
1853
32276
14675
41168
34441
15440
37546
20517
25364
35913
17860
36645
28373
2132
27019
41429
15859
32993
38987
3605
30832
33687
8257
18181
172
13789
5224
17191
27539
37576
37454
41157
18530
28310
15823
4778
34657
36402
3039
33922
29566
29757
10003
36557
30451
10345
16522
8903
21160
30123
31211
2299
3122
39645
17398
5964
40096
31627
41040
16965
19286
39281
21335
28952
28988
40550
6639
14688
12327
31835
34195
26271
27226
22725
6939
16445
4681
28382
2045
41315
37503
16564
15297
799
14440
27030
12381
7374
14726
39074
1186
17933
12710
38
22439
17264
18517
17602
40893
6874
35837
41131
28255
21149
20248
3611
27627
14676
3352
11358
11929
5014
28286
30433
22952
1153
2499
6150
4850
1734
37755
8873
26901
27490
27
24376
32345
9303
19808
5143
14959
15031
14529
37017
23900
13893
13922
30893
35782
40910
34725
797
5896
22241
6250
25418
31424
31978
31295
7048
8454
36474
27304
25931
1176
15344
23035
16476
12739
19418
32808
8183
21655
22602
26131
35385
11766
552
9593
3178
13147
140
23409
34555
877
16589
29097
39564
23319
31378
27142
16909
19990
28507
37151
5756
25411
456
25381
8970
21891
36394
33084
8865
9965
23119
9558
19483
4202
25748
26310
13593
25142
16614
25937
19965
35165
22213
19591
5672
33021
14693
26051
27771
20357
31539
5789
18401
26930
9514
14080
445
21173
36882
28094
12233
30583
3586
35749
3402
17340
25303
7883
37678
26608
16436
37764
15817
10202
35644
19905
13291
38441
18266
31459
27776
7173
39734
7130
27638
5077
26496
16104
9845
1720
33196
22447
19842
9109
9361
40726
40002
16242
863
11932
1396
3806
11456
10041
2002
36528
22585
17963
31324
41290
33450
10016
3614
33945
30251
36641
6410
23718
20295
35610
21183
3172
11370
27192
36697
7129
35471
6753
15710
3045
17154
20344
9632
739
11887
12829
33849
24226
50
24759
2137
16531
34991
26019
15323
31907
18191
35613
15752
9668
26465
14533
30657
15238
11809
38639
22433
3574
41432
7974
5401
13263
11869
23986
17861
33793
8164
1836
38247
6000
13655
10444
12318
12803
33818
37489
9898
19488
40808
4208
16840
2897
3121
38805
32739
38809
21648
16198
18988
6750
544
21015
12643
27523
29604
1154
631
7886
32282
21210
30789
3248
2732
14607
21188
31400
5503
34225
4483
28775
15399
25166
34807
38803
1298
22796
15071
10923
20085
25103
7345
2507
3798
23438
10507
34869
12990
3343
34375
15945
41445
27961
5108
136
37720
15472
19693
32970
20934
14644
16604
11203
6294
5188
36680
2684
36621
23580
24051
39379
36115
23179
21866
33201
27671
20651
40511
40208
7888
28151
3109
20943
16207
15167
10069
7808
34032
18421
6224
23388
11592
10296
28611
41052
12147
11143
9152
6820
30154
37946
39082
33192
5058
22718
11595
12638
38634
25777
27206
19714
41240
6073
18784
20173
13586
35986
5452
41078
19158
33475
40133
22402
843
25438
38779
39966
38473
21340
31780
1452
13541
18306
38597
35507
20982
8545
6324
20290
35690
40785
28748
19950
32241
34103
9509
27445
35882
39944
33207
34240
4554
24421
12808
27990
21954
13029
16110
4523
26035
26771
7097
2224
27946
22148
40283
1966
5440
32964
3085
21781
37290
14844
7021
28706
20930
16919
27774
28825
24843
35450
27470
2418
4823
31292
13808
36705
28865
9083
27465
18997
29525
29517
25037
13968
29946
4739
8629
2987
1825
37875
21900
18554
14273
36886
2139
14211
6823
26697
8677
22683
16960
16133
25272
35519
11652
10464
4953
37024
10869
836
380
14043
33507
38893
32876
633
32913
18161
9676
1762
26556
5538
15010
15354
28479
10600
35657
15466
22083
8040
19377
10034
18022
17537
12475
27836
18443
22679
4072
34028
19870
21776
628
30224
25764
37910
12642
29111
28761
27890
25278
31457
15107
19102
9746
11664
38358
33065
23387
20265
40104
21960
26121
37232
39368
38405
36114
33735
10048
1219
13853
28798
27497
38913
36423
19179
9424
28197
28385
22661
15490
39270
24628
39340
31621
7514
29295
34880
18727
13103
21950
31871
15443
10932
26172
10252
29465
30499
28973
4083
36239
26850
40855
3247
35491
23601
27175
4552
29060
3125
40730
2348
20485
26382
4487
24908
31796
16705
4852
6085
7131
26596
16607
21066
21016
18360
13272
38950
102
25290
40282
22336
38375
20635
11108
1906
35873
25389
19795
25677
21222
2845
34002
40522
8322
31743
34123
21528
28519
15231
9225
16605
3416
7102
20670
13438
22119
24277
20294
24548
14383
37619
11682
6271
8177
22614
36101
37907
12076
28137
5775
12126
12354
37803
25575
7218
29582
5995
1241
22510
1488
18924
23161
8461
19057
14899
31756
20945
15080
2522
34045
15830
26532
9034
17230
32976
32856
22935
20257
15860
8309
29921
17415
25781
35975
20399
22574
41428
38587
8513
17445
19182
19634
18020
14763
40128
13696
40773
6575
947
2698
8738
34119
37121
33372
33690
37148
34369
37122
19164
3935
33543
2007
6139
8197
7550
9176
5814
18265
16848
26059
22601
17167
7697
10218
30687
28109
16651
4254
9437
25800
8064
38525
26664
11582
9318
25479
19920
21635
28247
32706
31793
5517
16877
536
28156
33762
20714
31139
38705
20468
26785
27347
23321
36541
4230
34827
40176
35608
7759
39513
20539
34497
3786
11533
1611
25959
9068
19726
9875
6237
1896
12595
41011
8516
3983
36251
25510
4010
2511
17174
4496
41035
8118
7531
9429
14875
27773
11325
24454
37097
30998
2619
4933
31543
20817
21406
3951
38036
26858
65
6895
30646
27756
16917
21056
36426
22004
14737
31125
13800
39569
24592
24442
38966
2097
15742
28767
22812
7797
4550
15316
17146
40306
10212
36783
7176
9061
1763
3898
9393
26342
22651
22308
31026
39332
24822
23546
19095
39164
39512
19001
24912
29307
36347
10873
6346
12182
1309
29928
40549
8052
39353
2043
23767
1023
3014
1253
14324
8212
26199
109
31047
35642
3242
8904
41500
36591
34020
12587
24582
21116
16206
10267
14172
9261
11287
2153
34528
32317
37759
8373
14787
2809
29078
34429
27222
13167
4943
5535
25074
40874
4521
39724
1688
13197
10117
32705
13955
18700
39456
29806
8863
37694
16106
11784
12537
15883
13995
2274
36477
2187
18585
15556
24703
10037
19605
32416
24008
12650
10728
3826
5977
15305
6661
13596
30803
9533
20849
6133
37419
37829
4059
28122
15043
18075
30017
27147
7194
39468
31097
22367
31308
3111
30536
12324
22600
11208
21742
32031
14901
28016
33891
34948
11099
15623
31420
34662
3505
17078
37681
10856
20064
18847
11082
545
18247
11940
8180
8451
37254
9816
1276
13905
13687
35206
28960
14650
22854
6989
28839
34972
21424
40501
35172
17958
14441
1190
40518
3370
28397
35916
10258
17496
18156
24137
23529
17603
31577
14551
14757
38717
24074
18011
35573
32151
6232
16991
41299
3993
28627
10261
8274
36760
39176
35641
34353
33501
27504
24296
26517
38954
29422
5404
37399
32984
30041
21833
22676
25912
31438
27850
8161
29123
15019
2225
11068
5710
22441
13518
18804
11987
17466
4008
37381
5952
23264
22770
34707
15976
16785
18791
21514
19738
1547
9872
17729
7867
8416
35146
5683
11362
36857
27454
32585
13354
13044
23039
28779
26452
38176
32587
28934
37778
10253
7441
14092
32029
35836
10934
15625
3034
17006
8777
25985
8832
4931
7081
11917
13836
29750
26206
23175
687
8980
33476
2836
29057
5276
3716
33180
14317
3672
39639
3112
38320
17384
18745
4103
14740
38076
38296
4940
37802
17382
5830
32718
28087
7051
27460
29172
8371
9733
29964
28089
1343
22214
7564
7463
34171
13046
15746
4201
14116
29619
30158
36792
10246
7545
31277
31551
29642
34477
15470
18720
26264
2347
10802
37068
13245
14604
17788
35367
6446
10527
12034
4980
17809
3217
39027
9525
35803
25169
15332
9944
28505
28908
17522
13530
27759
26173
21228
3126
33538
31300
14971
27835
31917
15262
15546
22865
39672
120
29881
27456
18542
6518
4581
41470
16464
28680
4524
26361
21964
9670
4307
27505
29944
31224
8321
36246
17488
9885
27269
17069
1779
29920
37725
12664
31712
23457
4260
19189
32570
8073
11170
11346
37796
20940
24586
16037
5689
18072
28762
15450
7510
12889
10184
24112
17851
19441
27246
26270
33799
11477
40554
35529
36380
36573
8768
1930
24891
40090
17610
38994
623
15958
12439
40158
27557
26552
24955
19290
38829
21083
26296
18643
28848
23285
37418
38497
33004
17348
40060
39160
20039
4527
5317
29087
6390
13540
17494
18496
19060
10008
39914
34198
3871
2594
39945
18778
15253
7006
40836
35369
23707
31197
10188
27263
26831
9377
1437
14552
28724
13032
15255
39187
35263
1653
12563
30989
286
1052
36493
28204
28730
19106
2533
37835
7221
19718
13794
18055
33042
8190
41233
27927
1379
32141
17209
11862
14772
30864
21509
23582
26358
15729
27249
35434
27514
27525
32363
8176
36087
40146
28936
23657
16887
31832
32310
17414
30568
36897
20521
1354
13206
2114
26928
37411
26486
23510
14110
15063
7667
17212
21719
40018
16355
6834
20098
41357
24064
40688
6587
5766
16280
25790
23734
40725
5875
8723
4364
2541
2013
37994
23424
11012
1567
2158
7901
30654
3120
6688
4958
22925
7813
24063
8363
8306
38037
39951
32604
6817
41093
31697
7231
29304
11344
39216
26403
11758
12435
2476
30171
30073
38542
28914
6756
31985
4642
26263
36945
20615
23449
24645
11949
17428
26525
36745
8571
12372
8897
23934
19030
34529
22009
16556
3817
20224
27863
17832
4227
25666
36775
12020
18636
17789
13764
6154
6947
29096
9623
31600
2893
5290
38648
22876
33832
1990
28454
9113
24937
26650
14658
26680
8794
36163
5730
8721
382
3105
11676
30882
40717
11925
595
17552
38310
11852
4807
7874
12545
40367
26001
28450
1735
28230
3110
4293
4164
13470
35753
6459
7071
39360
14845
28517
27849
31798
17777
7220
26290
24742
22393
1755
6191
27861
16273
39567
26584
39531
35977
5949
36409
8860
2758
27532
22418
33503
33076
1914
10664
5581
21647
1479
30857
20871
11319
266
2716
10192
23978
385
27848
20812
3210
18897
18529
1861
11867
3905
1459
38081
3829
23775
29676
31634
2012
2993
12999
30067
2738
28856
41380
21678
4121
11115
3484
12919
28783
39477
39900
13061
14396
36277
5708
8858
13407
17747
9740
12336
32346
13910
2133
37545
24619
19255
28623
22173
37309
6229
6605
12582
21329
23095
33918
315
17781
24033
13627
15766
1981
14830
11811
32838
34689
33674
14810
32334
31236
29751
1419
9088
27400
40753
8752
85
18284
138
18049
9561
19959
2381
30042
25673
11710
318
34405
7245
18375
31923
11207
22803
40332
41501
31731
40957
7083
16669
4400
29082
15499
29983
12723
27860
1667
30815
30575
24575
1320
39156
11635
3539
12494
11343
33682
4061
19548
22430
9041
4197
925
4999
24920
28772
20073
30406
18329
10726
34643
10583
27715