15049
34670
10357
34946
31112
34503
13520
2373
33259
38989
35304
36044
30815
29878
7443
27009
38264
41096
35537
16645
9641
3526
4474
19339
4719
29103
40759
7114
41289
28012
17517
18110
34462
20087
41162
27299
38467
7242
17890
6549
17464
9691
26461
22302
33924
34109
20441
2170
8920
26327
39845
14334
24673
24660
3216
1734
17959
2944
19087
27784
25941
28604
2092
585
41136
8828
10960
36124
2329
21440
31299
39329
26681
30066
10989
39596
24976
28609
31857
28970
9589
40022
41218
30669
36730
16904
27100
10218
22836
26270
2742
15121
17236
34596
8389
21743
22572
19828
747
15188
36227
4584
23162
5055
1602
32201
21045
4783
13564
24195
8781
35477
40623
24100
27998
33504
11966
7559
12378
31214
36324
41027
7028
5175
16239
39871
31400
7304
39656
13080
35874
7931
29362
13532
16856
21933
9923
26145
24972
2603
10986
35005
18334
2111
32139
41194
28260
716
29305
2711
15488
12612
8900
23166
3876
475
3251
26751
31636
21758
10536
18171
12050
27106
3409
38317
40399
37311
10857
37963
32528
29253
34552
18525
36994
31852
19952
9224
26314
66
14672
18694
32681
24105
20272
24623
9661
6093
21443
5432
34940
33895
28026
12146
18774
35425
26717
34129
7701
18474
34378
26922
33650
30659
39824
10085
33039
28672
29182
19334
34860
28567
34473
11196
7313
40192
17509
9789
18252
21550
8723
41203
32210
40999
11574
7849
40697
30677
25097
16991
37807
8793
26793
37835
1019
27763
9949
33913
2139
12359
17829
38783
20437
33707
16235
13633
38515
22497
13015
7919
23179
10368
4771
37345
41489
27216
12449
19823
18598
21717
40790
24845
8297
6376
25366
24972
38208
30103
10707
21030
28867
37817
22764
4194
30606
19935
29502
54
1557
6687
9338
17752
9816
16468
37970
9187
26600
37846
33935
30363
33742
7387
17628
15951
7094
14334
12909
12992
17018
24492
6870
38074
20068
4154
35672
23418
5265
15739
32129
38550
37707
18093
19493
21798
9844
23782
23683
32357
26735
24811
24637
24244
40921
5739
15815
41011
38696
13554
6636
16148
18708
24707
33670
41469
3122
33502
2548
14801
39561
15136
38197
20553
39693
4406
37021
32965
679
29263
19738
25746
10764
535
40955
38370
27631
10282
282
10683
23112
8241
26878
4864
11661
19377
2056
40981
18031
7743
28009
36471
25764
35487
12479
18194
20704
21423
29464
17667
21467
11627
23539
39309
11010
17369
34758
18108
4896
5017
38776
6417
14488
19870
3983
16600
26988
5689
15581
38369
4503
37039
34700
25773
12661
36741
13277
11742
32657
1853
37589
40900
21011
30894
29967
27057
27261
9078
39913
26487
12587
31826
13583
28305
6607
34909
34476
15480
20335
25056
36692
17460
14572
3529
8043
27440
5174
28731
17912
36009
30931
8330
3163
24439
2200
6352
11501
33494
5575
3320
37870
200
26825
39225
1204
11673
12616
2192
38366
25987
617
351
10351
16994
14776
3862
14485
18448
29189
6458
21076
9084
5428
8864
14290
40577
33937
7943
4589
16668
1967
19179
5291
25209
10352
9483
38571
8926
18186
16896
4955
17968
1203
37900
11880
31638
25432
13009
28627
38432
35295
14639
3163
23006
17974
34538
13039
1461
16516
11498
34694
13181
11670
24362
32040
29482
20206
9315
22064
39937
40138
38160
14255
16026
8495
27663
31723
14735
31311
38189
9138
13571
26774
27267
23978
37783
27557
165
7110
40609
36393
34335
36883
12483
27563
35433
30308
22053
29967
4762
27466
23122
9129
32708
9774
14221
22622
38593
39057
459
10276
13775
29221
23273
39974
6183
3218
557
22783
6481
22909
25245
12378
247
8861
19891
28991
2453
15764
4967
3850
41217
28350
30698
1133
17891
21739
19337
8406
28238
8605
16430
24418
15681
17981
4497
24127
36031
25727
41236
583
4404
1477
6245
35744
4823
11888
26339
29857
19160
1068
2825
1341
25099
22639
30620
15763
31014
25588
15749
10578
32004
33482
9761
2581
30191
32871
39030
33963
36748
21004
39866
14601
3465
22903
41161
16974
26138
39546
33321
15822
16949
9876
11820
32138
41185
6338
22914
9040
25582
5246
359
17824
28303
17753
9437
11690
16253
1398
19121
21080
35560
34450
16269
19772
4054
27554
9930
15788
31502
14567
14205
12908
24813
22448
1060
12336
36407
13639
4602
18083
28894
35243
6253
36190
18678
14788
31189
29666
37753
10552
33263
4870
36797
11488
4562
18665
39283
41488
16999
26322
7315
23760
17180
359
6475
4710
19328
26031
29782
23596
3442
14164
11510
8593
34476
18678
15763
15322
10046
18365
34979
984
33439
41279
24193
10827
18470
29608
27781
1524
28175
21907
11856
24221
16929
10154
27100
30446
16942
32833
30303
17716
20042
13904
33295
28769
13752
37320
6994
16699
4676
35153
39496
23793
36976
28595
2639
22976
34443
539
35256
23881
23217
4633
24296
13263
30499
40534
34342
34582
14213
4694
3152
17379
7592
15653
29194
17178
30290
21831
13602
16023
37048
12383
21230
19511
22920
8529
36386
9621
7041
14241
9987
19525
40778
3772
26358
38219
7321
2428
29530
28373
9944
36294
22224
6716
5198
13617
14998
33822
6025
22857
28777
18249
10835
29775
1072
22578
20256
26108
36002
17438
21542
5801
1997
2510
32214
34124
34137
20823
13110
39975
39067
23845
9863
37340
10269
19034
303
14413
14109
22310
24065
31558
4332
37131
27719
9505
18844
23450
13078
26548
25354
24710
2966
11549
964
32276
29251
24008
27437
22168
29370
36719
31955
9325
5373
13169
32770
6695
14951
7102
21305
12413
22320
36327
39145
6028
4719
24307
30925
10779
33055
2915
22966
19327
9987
11760
18213
2973
26980
26859
31637
36460
6560
760
30225
36996
1685
38470
24384
22190
674
17937
4578
35305
12372
27646
275
30683
31263
39079
8114
24154
30974
8586
6868
8044
29565
3290
26791
28159
21138
31153
16535
9436
37397
19099
15996
441
39609
27138
9399
33976
12188
16656
26297
32168
7222
24180
40504
17302
35662
31820
38223
14898
37209
16828
32879
21433
25519
22446
7641
2768
21552
8045
22808
35727
1949
21649
3907
31593
15759
9217
37445
40913
22935
13858
2382
40484
28672
3164
33595
5390
22267
13291
5928
40808
26096
284
35666
34523
22355
25162
12727
21387
25566
15997
8108
17355
2806
14704
18799
31442
21550
3246
7603
30603
36240
16933
33545
17882
31392
26551
38693
39976
40441
12336
33339
37492
2007
7085
39646
30825
9244
28569
34573
26827
28421
11928
16253
24177
5102
41404
17514
3729
39680
39145
21413
18377
21680
32862
30608
2516
14347
8498
658
7377
14937
33893
28927
10594
10549
27613
30370
40233
14390
11042
32448
1117
18735
32598
22460
16267
10259
33613
31510
1454
37143
29901
37877
17209
25320
5999
16199
22765
33057
4241
32381
15702
17751
13766
23286
24007
29907
12589
17863
11330
17481
13940
7865
13393
15935
1002
23586
33471
1128
38771
26270
9754
29810
2919
4295
35804
20219
11263
10514
1355
11468
14209
12995
9865
25893
15976
21064
17763
18438
16046
37730
2446
16789
35414
3306
2337
38420
16945
14704
37073
824
38352
19061
17448
24990
3376
20377
18604
2932
19482
2129
32641
14163
5228
15248
36958
15717
14908
13723
1026
223
12175
15863
33675
9470
39942
11983
10823
25242
20885
35085
37767
36758
17049
8149
41445
2366
18747
5508
4807
23509
18357
14847
30003
7271
8482
16567
30781
12925
20232
16339
35300
21217
16357
34151
27331
1953
34963
259
1060
9176
22698
11017
16668
10400
8919
26124
21384
9008
20113
34239
27091
15369
21065
35933
39149
39451
28863
17648
30088
24461
33490
11900
37897
556
1445
33927
9828
18023
3885
34030
22161
39613
27900
30384
30718
14048
6422
14472
41121
11403
12710
31156
39924
15578
23721
9716
8856
25621
24066
13737
30091
21451
12279
11046
9053
36244
32641
4153
22654
9889
37797
480
26731
18846
4592
14432
20564
38133
19251
40803
14322
19535
11602
27122
123
7447
19111
1814
31975
16695
7905
31549
1746
16793
12980
34949
16379
1332
24847
40994
28694
29995
24548
8954
797
36926
2918
923
6189
28303
15913
17654
31716
22460
34866
14602
5528
35775
37147
40020
20240
33283
18897
6926
21558
24558
29766
26981
10131
14194
29771
6780
40647
13372
27455
7697
27751
25086
32113
19199
14950
14940
16240
34467
24152
8225
13923
28034
19303
32583
10729
2330
12698
7740
28077
40921
9905
30522
11259
2784
15210
8243
34031
16390
10358
26332
7657
30051
37454
36168
22814
40364
19529
11203
528
16167
38007
13710
39993
21256
37139
10802
32819
37709
19109
24442
11146
31398
26681
24994
93
13025
39680
10259
11411
30263
16115
11740
31789
11296
20434
35207
34003
33292
18215
2589
1634
36644
20977
11034
37158
21727
23297
35963
22581
17899
14703
16485
20568
29993
19738
38367
21051
29093
2052
32141
35379
26477
1343
37536
36244
23929
19689
12175
37010
11802
20845
9460
6289
22783
14096
29927
31580
2386
3560
38224
15318
3425
32039
15690
33392
27451
37116
12560
13741
34832
31574
7333
37825
100
34715
28127
5691
14227
17684
26696
6607
12099
6733
15502
14841
18640
12583
15933
38025
29
26667
4848
32127
14580
19279
27305
26248
14020
26423
39180
32572
4808
11778
12204
513
31395
21037
34180
29159
16544
30243
19168
29669
22047
15447
26652
33275
18306
7448
34508
41282
19434
41388
30856
36561
25455
2639
4971
34283
8264
33740
25803
22712
17004
4808
26692
39726
31950
847
7218
5872
13189
15466
17382
10060
32830
32236
8519
10810
28559
24886
11113
29598
9009
15098
16611
8730
12057
26962
21538
20111
24811
4301
2601
12534
36860
37678
11867
15324
20678
40630
20450
40541
6620
30109
14714
34863
23558
31114
33761
26222
3889
10971
22683
27886
39654
34896
38985
13930
31085
36325
16625
36224
8429
14526
30493
15547
38703
12415
6867
34238
14801
32018
30777
26004
29396
14767
15833
25560
18732
20798
17563
7826
9309
24510
2798
39564
38970
20009
13676
22538
17418
9424
3775
17018
2153
37920
28513
24693
30427
16027
7387
39848
9076
28113
8116
748
33729
9697
2840
4359
36575
31025
40945
5847
21120
28737
18318
11582
7899
27927
35710
14789
31622
3314
16608
36395
6812
21710
21436
10808
29446
36914
12975
22366
24283
30619
19941
19652
2570
34462
19745
33467
18775
36276
16966
22966
7800
427
39527
31259
34976
37302
5948
21060
31684
10430
30175
20115
22018
8082
18785
36975
15230
554
33123
9004
16909
16969
13186
23657
6911
515
14095
4977
22310
8883
37105
35061
2450
34654
16584
15336
18871
40694
12490
19671
6935
18306
27516
35930
31305
16327
12140
39007
36307
35557
2572
2757
30249
40365
17009
40545
21913
41103
30786
31896
28607
37720
5673
15831
25711
30872
13473
31053
21154
3840
30206
984
374
7755
8668
21940
19745
12178
26898
6830
597
19297
4561
35284
21991
33537
13503
16671
39186
6517
3840
13923
33822
7848
21823
16535
21500
41415
37537
21371
33073
16569
28642
12793
19617
5100
18478
21293
15030
26934
2667
13547
32846
31227
9956
23893
27047
21915
29281
34007
22310
25455
21801
36104
12342
14096
6316
16159
30537
17287
4969
6677
37580
18813
39145
40893
6766
20374
17684
30133
2096
23119
25373
29785
15977
37814
9728
41241
3999
11086
23799
10004
6878
32321
37454
21657
25870
5690
23424
40478
39284
35541
40777
11541
6552
6001
14373
12079
40339
21761
6136
40583
36581
8515
16950
34551
20108
35768
5968
29420
32611
25958
12713
39859
38767
38575
3256
12535
34108
182
38541
32557
13808
37975
4080
32402
33735
8771
17175
15941
38750
7291
2927
8910
23960
3216
7875
27807
23921
33348
3621
32308
36434
36641
41164
35600
12659
13039
24320
15051
4157
27820
21047
39644
37633
30723
8586
21366
29540
8196
37736
25089
11723
26083
22852
6143
22597
15813
13923
15925
506
12946
25406
13717
33480
6948
14606
31962
38500
26877
26655
36890
40610
16281
34882
26702
22463
27987
10684
18916
19136
25039
17990
29289
25559
36835
21689
4053
35820
23039
32851
18355
35956
5271
28675
17553
27864
13916
21239
40699
24681
25864
39044
27219
39570
25319
11519
26828
29470
41013
15385
25563
32113
32000
14196
26623
29397
39445
22954
9096
22625
27485
36863
24178
31432
21191
11814
28834
41287
38928
37836
33717
12845
29692
25256
9186
40748
8907
11037
39522
33142
34319
2041
37709
30594
1976
22279
33949
22219
26081
34740
29946
2714
27687
25601
15684
30722
11721
2492
28386
24058
10598
40957
5510
35415
28111
12076
39233
9299
34317
23859
16423
19476
35690
39583
23624
4065
23809
34109
27366
2753
28649
13105
27872
9621
23926
7261
20002
3232
8389
29655
33471
38533
6588
15498
1785
28749
24601
21940
8042
6640
6066
16559
33860
3143
16624
30063
22165
25450
22767
15359
39548
2474
18838
35676
26598
28345
23656
9740
8670
14644
23409
37852
13689
22157
30366
39574
27904
11342
39764
9230
37131
25659
21465
30124
7289
6544
12197
15617
15664
19216
27034
29628
21482
7597
30406
15506
14733
12065
36933
5806
19934
15405
5971
36076
1488
39252
34565
5393
11549
35168
13371
23067
5584
7695
39554
15741
29425
9568
8466
12884
27319
32235
2134
14353
37223
32154
12833
28552
34694
12216
17191
247
16720
11402
17257
28284
17905
35840
12981
25047
28451
2918
39238
12455
29614
33741
24466
6176
16418
36280
4090
15510
32428
34104
35344
27968
29704
383
27834
23264
14072
38574
6274
35053
29277
18394
20190
12390
17878
17627
18773
27069
12870
21031
4179
3516
20516
36226
14014
24716
32716
25812
14881
2942
16812
38423
6206
6708
22663
15929
25505
37278
16
31853
31147
36536
17671
562
31155
6492
4674
6153
29609
27751
24791
12511
414
32452
30652
11661
40672
4726
6364
17221
40248
21217
9206
13128
11110
22843
8680
28653
39549
18980
5306
30073
23620
3488
24969
33589
30687
29796
13586
41443
33690
13116
14800
13376
23178
39510
13101
20150
9279
24955
23998
31526
26425
41491
29217
23467
21463
23704
26613
6520
4412
963
24363
16332
28929
22326
26091
41194
4239
4102
5769
34619
41290
12980
22654
7044
12650
17966
32369
37068
7737
6864
12917
29036
9771
17708
14377
569
8619
14026
31296
27918
33172
19631
31055
12494
14181
29604
14173
33275
11821
41317
5955
4170
40939
6275
4438
26560
6793
15303
25064
10511
37309
8931
3223
34375
32447
1954
40027
27774
18776
38472
10951
15333
20732
15752
40740
18818
33048
785
20948
38070
16557
5967
15357
24445
31826
35271
24177
38789
24907
21732
39828
37793
28593
6406
1377
134
39997
34195
30910
38483
22902
36750
15049
2402
34243
1676
30216
12501
13789
21917
18877
1632
30958
24584
15341
22239
17828
4232
14920
32491
33850
21775
7337
20297
29195
1220
1839
2315
37874
9756
29766
24120
22772
21213
8310
35808
38193
12950
24983
17292
3319
22787
9715
40013
23502
16257
16110
27235
36065
19244
19776
40843
23208
17247
3552
28129
7981
29662
22242
28634
4692
18372
15603
34861
13633
1713
8572
26704
33520
33088
18292
34711
39166
4051
22422
14653
30375
22191
30504
33158
19584
20830
31385
41081
33763
6131
9846
10358
22800
5574
31596
25069
11344
40932
18634
13380
27290
20189
37102
29044
8872
5694
2820
16234
38889
14766
905
12390
29264
20604
19239
8679
9321
16042
13152
30956
1644
25280
12235
5922
37260
4499
29552
19106
29266
2165
5045
1839
22504
12673
14135
41150
39658
4188
20986
12921
17281
25810
36472
13355
19407
20005
34462
15170
4814
34022
27228
33466
38407
17292
37636
10976
32227
2504
11281
32822
10225
35562
22930
1989
8437
36536
10815
31080
30108
26813
37545
1085
12550
3901
32157
1987
31380
28273
34936
39808
20117
2124
36116
15535
8570
1193
11407
24110
39493
39753
3621
28480
1835
36344
13705
2698
2657
32870
35238
4208
18499
5498
26952
10021
10407
8429
1555
12568
21248
33136
39601
32176
7717
13988
23429
19731
39899
25186
25596
16571
32835
1428
19605
31035
31771
28593
14513
6770
15172
32422
39395
35974
6495
20248
34093
21057
22909
33967
24342
15483
19753
19584
17350
15427
31893
40171
20230
17619
29095
2077
36310
32086
7993
29095
19176
33629
30982
35423
25458
27011
14173
11193
9563
3130
6219
7077
18980
31795
20709
28617
35033
26770
28603
28430
17158
14756
14896
26832
24222
34441
31268
23884
16978
33451
24502
31004
41031
6845
8453
30018
28127
30367
20088
39142
33205
9033
766
11792
11674
12731
19728
977
2064
13938
21347
31585
7331
26958
23837
40360
26449
36264
19328
17498
9067
3893
19751
241
33871
35971
18104
15541
27305
26048
18546
16558
28380
18796
13094
3492
21608
12858
9354
323
39789
23162
29017
3971
32984
3529
36421
29639
36303
17476
31234
29551
35363
6647
31850
31843
6550
11093
3717
11003
10925
14031
19198
18141
28430
32419
25056
33765
38616
6533
4478
7218
16505
12732
16846
7800
16015
2514
19191
37668
31409
20119
24504
29704
3094
9658
41415
28070
30885
39833
40188
24750
27931
37011
3850
22003
8544
19935
18530
5890
31256
12023
11768
6662
15834
15080
8446
16534
12869
4922
26409
39741
4751
4390
814
20530
6923
23340
34089
18819
40741
17087
18414
18654
37509
2374
15281
15129
19953
4846
3779
6325
29622
22297
21858
24701
34455
3807
14029
32244
770
32630
30396
14385
12066
5035
17143
14693
1051
17246
35407
34740
39930
10366
9742
25362
2117
6740
14714
32578
31461
4678
25987
8861
24840
13204
22429
12907
1105
16643
20735
5044
4051
8118
35115
3558
8236
20297
1782
20879
31130
32155
2282
20431
37271
31675
26306
3500
8275
38414
27170
4699
24060
14771
14331
768
11104
13392
10185
32665
18515
21443
17133
34707
18843
27772
15814
8417
8296
33287
19691
7025
19791
26525
22201
9227
29635
40078
7222
27179
8117
21282
15416
38841
15959
13417
11762
15358
39321
19093
21391
27661
32604
7175
290
1970
15305
20210
14322
8410
20099
36461
30394
20703
4581
40233
16443
24442
9083
6355
33440
4080
30361
27788
31608
34178
35971
658
29464
19286
21323
32660
33918
21841
12635
40321
8126
5495
6022
32511
33136
29905
27427
27052
14984
41106
21326
33998
16877
4994
22070
6095
28103
4848
22615
31015
26125
3990
25956
31724
26969
40541
19953
39605
30369
28893
35094
22843
35417
21601
16729
28372
14954
24623
6187
16598
29495
5067
26766
20091
38361
5236
4920
26088
13084
19980
12126
1789
21169
39112
26272
41122
35071
20085
12623
4662
27050
20233
30845
24338
960
12124
35487
5963
23735
41271
32979
28115
25847
8160
36159
36952
33707
37946
25166
21643
3835
30518
8463
17249
2719
7152
4693
2132
15345
8686
19077
11224
11641
28926
19779
19641
34477
16544
9277
22913
39338
3971
15847
7128
4790
22941
9759
37561
5496
27219
6669
35450
18343
4302
887
13380
10888
9388
7117
11304
3620
32316
15587
25555
36731
25452
34816
10508
3518
33489
40096
14042
17451
31127
26914
22686
37945
3406
16598
3805
33439
9477
31810
16409
102
35555
16976
2503
6868
35592
16473
5416
30346
35255
37703
31237
948
4123
36497
28873
24275
29650
36630
11048
37725
40477
8208
8673
37785
40174
32411
2429
31585
27505
19659
13191
16855
11530
24710
33767
40525
35565
2786
40592
29293
8480
32964
16989
31276
7269
39752
39615
24942
9972
5285
21320
16596
29456
21031
33523
20799
18957
16746
25775
37578
5186
26318
12435
15451
41070
30366
39516
3813
34666
33686
2779
1440
40880
7860
15844
17619
13375
33048
39718
19943
4605
24366
40898
18373
9007
40584
13050
3309
34081
19105
1464
10246
8174
35328
35302
12600
28315
29244
1997
10622
14615
31930
14520
24232
11858
22416
21007
28091
18848
23063
9888
34883
5142
11460
22127
39940
2306
39388
35113
10416
38530
8575
17140
34117
23054
10648
4131
38375
7367
26244
2189
12782
36473
31269
19128
1319
29013
3749
35706
6065
27430
10616
33218
25858
7621
38159
6775
10628
27943
37803
9014
3762
10849
37698
18183
7551
14834
31770
30234
629
11534
6662
40643
12537
10183
15660
25249
3894
3772
34654
5777
29482
2706
14836
4399
23762
5860
11020
24100
33523
40442
8225
7966
22346
4501
18721
18948
28031
22544
6552
40665
16910
26660
5578
22069
24971
6086
39762
29320
6981
17131
12356
2197
3528
40050
41498
32849
20241
9487
30386
12770
39803
40925
29345
5286
30514
20063
17198
2089
39117
9883
2970
26034
11780
25747
17699
5757
8550
25352
18225
16867
14527
32708
10826
22065
29903
17646
30093
30962
21231
3756
29849
11093
37043
26869
25711
21340
6044
20194
37268
15706
20116
7088
24855
9396
9453
1528
1814
40222
2265
7805
33484
27946
14171
15255
29196
31755
8379
35287
37761
16681
20489
38565
20804
36351
15270
18050
29635
16651
34747
24173
2482
2691
7593
16825
1232
15788
767
34522
4138
30049
18920
13719
11033
1902
7500
12333
11580
17025
11620
37910
1002
1128
29087
36535
10159
6775
33449
10645
20682
19788
31668
6721
36650
19282
7867
19351
29699
2969
13197
28454
37762
21738
22331
39390
14781
16028
11524
10371
11732
6392
37207
38570
23041
20546
25879
3702
9881
31547
35227
40016
8488
7771
39539
19946
32831
21311
22853
5146
18032
28993
39539
17842
17525
16378
33453
10657
11622
7769
31575
30585
4942
17713
31901
6045
191
3719
26743
27723
19659
37413
139
3663
3957
5952
41043
20911
27692
14524
18547
27858
27678
32275
32878
40840
16206
23059
34258
19608
3886
6788
6458
41260
26920
10363
3373
37365
29816
28346
1048
7836
9248
30566
7344
20867
6584
20302
35937
8620
40316
38466
5687
39743
37235
15200
4169
12804
16835
40372
28430
30728
20870
6036
26779
20234
17974
41105
16322
29209
2402
11489
10941
9447
360
4880
14306
18538
36621
18160
27621
1162
28115
8282
34757
8875
6049
38623
3863
27950
4265
21800
32239
19987
30407
19909
41340
19358
85
35725
22874
21148
5942
36991
12935
16912
36615
30564
2151
15843
28780
3582
16501
13799
12191
17851
10163
34277
27646
11697
38570
30645
33813
36690
18285
6862
20152
11228
15694
15887
11290
9011
402
14614
20943
979
33400
20293
30086
41492
28151
17095
40299
14693
27984
38163
18426
1880
747
37630
39245
37229
5104
6444
19185
35692
28530
39829
22548
36736
31519
16993
12860
11673
1160
6543
433
18986
2755
3311
6528
37835
11153
23869
14500
35595
38325
523
17101
12664
3766
22471
27132
14596
2777
21756
34375
36493
22134
31761
36346
25335
4335
33089
2206
1378
27708
31940
20662
5740
1969
13602
24485
20149
14014
4154
21090
26380
11345
12874
6754
39114
18844
33520
22888
35156
40895
3378
9435
15740
40518
12405
31283
6549
9554
29649
15750
34990
8975
33512
29046
19685
18329
1378
28825
17149
16011
5966
35542
37105
30630
28839
19946
7216
21826
21313
27121
39606
21744
13819
2175
11001
16851
36903
5020
5767
11492
32261
9867
29108
4894
29941
5192
29587
12456
24765
40859
40891
18208
17214
19538
484
18155
29921
17899
13944
37247
5075
31781
24735
21667
34138
9144
21162
7619
2989
2162
11095
924
40487
27856
33521
12081
5279
23261
32829
16287
4431
7614
20035
17613
11398
19488
6076
38974
27782
18902
10663
4303
3013
36460
8921
33461
13450
31132
24541
21088
32536
40370
1438
9856
19170
25883
17564
33475
34794
41092
29664
32635
12431
19743
35559
10008
5637
41118
40025
33089
7154
28666
37764
39321
22615
26111
8327
40798
6453
37394
3163
29753
31081
38512
17386
21744
21116
16141
32063
39141
41144
27094
19417
25128
24003
32263
40915
21247
29927
21030
31589
22972
39630
27190
12668
15240
1877
24977
12214
32764
3187
30497
4724
85
15191
282
19745
4318
25791
12344
39084
29891
15542
22540
27086
5830
18718
39
20694
15193
1705
27263
14047
41166
23095
22799
11144
29588
8499
16678
40058
7350
6087
10273
31978
22920
33740
12040
15908
16054
39375
20113
15128
7310
38817
24354
31197
35373
36587
1616
22044
21770
2221
24789
28962
15895
28966
24280
26523
39185
10270
14396
30782
34851
36114
24186
26927
24702
33746
878
38882
6766
6003
24614
9072
15867
12146
27337
13924
31782
13937
15119
30219
3242
35065
25909
3734
4990
4718
39333
1288
9347
17794
10084
9198
3870
23677
37352
33215
22993
16169
1603
28122
27385
26651
18592
23407
18992
2958
27292
5733
10383
28794
26164
9673
18609
4409
17375
5490
16075
34516
23457
12148
4794
41157
22688
11382
19593
9623
16528
19197
37302
24244
19494
492
10613
13810
36565
5720
6042
38406
33170
16314
27221
34355
17570
41010
11738
39353
617
17816
18575
13025
2317
35632
23543
16747
16681
4006
3199
9404
20406
31067
11340
14129
40341
21010
5153
4051
14454
8482
28561
25973
34156
8437
35850
34061
14373
23536
40530
8083
40989
16213
36242
12543
34746
31142
15522
13097
33748
11726
25646
17704
22532
23158
35281
35458
24722
20699
2982
609
16521
31926
4345
3769
32584
38404
38264
35766
4289
39829
14485
33946
9408
27880
17039
26115
26675
38058
2133
10726
36485
6215
22277
29259
39377
25224
15185
34956
11064
29152
29928
15198
11695
37908
18851
13045
21248
22329
28680
6078
33677
32460
38943
35848
37782
17472
4561
21664
14734
21195
13384
29299
2280
23277
37836
22544
16774
3904
27962
39947
33441
8604
20390
19931
30148
31411
7310
36270
34746
34662
470
36893
33543
33250
33778
13613
19209
13724
15128
32102
30989
5630
14811
39532
10647
6196
10876
21265
13023
31025
39170
34303
39495
8815
32336
38110
18427
33973
23429
13082
967
36916
37270
171
21328
16711
31796
40469
16661
2996
36211
23106
39515
9343
11884
21761
20773
18585
11902
36469
22474
30375
7173
2384
16274
39697
31228
5517
20670
26396
33520
40618
28109
7288
33275
3352
31664
36349
41037
19026
30653
17590
25731
25227
24348
3310
26496
8927
6379
30865
40126
6468
38380
8740
879
25741
21580
7383
38083
28505
21344
39757
16820
779
30011
18821
14935
15525
9513
1409
2234
25899
19953
36623
24731
31840
34352
36302
31867
16606
37022
33766
36132
28200
6795
15970
26205
32957
1934
27897
19222
5027
24084
3982
18395
11321
38292
7617
32175
22776
31764
20675
38969
34522
30838
25808
30757
21532
26176
18852
367
6597
8030
11446
36198
23764
9758
21190
9124
30746
2171
28848
11579
979
2341
33556
2380
17745
25117
21050
9759
26174
307
40558
23581
35700
3523
19927
11806
1149
27730
41068
5621
36641
11445
5184
25747
16535
7641
16162
28325
6275
39139
14551
3137
24280
34299
19363
39640
35105
15755
23426
39780
18146
36566
30602
8895
37390
3231
24847
10472
18671
11511
21078
38703
22464
35065
23619
37087
21870
32793
4717
2732
38221
9897
31286
26899
10285
38387
18286
12165
9953
37558
30014
12898
9033
20585
7644
14295
4712
18498
16552
12212
2140
13091
2361
35623
32852
23336
25219
34243
9089
32697
33865
37976
24091
4713
12065
20861
23679
37354
37973
20035
39459
13410
21638
39555
31967
6310
7168
27210
11038
17593
32082
36872
20045
454
9538
25941
1384
14952
35318
1343
8721
18547
1080
22326
23
16178
29712
28292
1809
12043
4623
16512
2941
35878
29672
10877
18245
22925
2566
7303
24059
30508
32561
32243
1284
25933
29920
28932
4752
26995
34138
35997
25598
36223
4646
20313
10396
2699
33559
40985
39429
20060
3840
36743
13943
23226
21917
6420
10094
5689
19258
31118
23111
6882
30980
19219
23468
17190
9199
34113
18718
14160
28191
31648
16970
14049
17423
14404
6051
35041
18699
27780
28769
1572
23778
33183
3180
9169
33226
12259
25299
3891
18777
9375
34106
24316
29297
34318
6866
14921
18399
18584
836
34751
31032
40017
37610
5012
29773
11329
32799
26852
33426
4208
9239
9722
5321
40779
21851
32469
11597
21742
18188
28413
37175
29060
11669
15933
30672
12397
2242
10899
35883
41041
14964
26214
7560
9668
15696
1933
14974
14472
28342
16996
31727
12091
6534
7615
15847
34513
3454
19588
35770
36479
14711
31840
14244
20747
10225
40380
38426
15729
27330
615
8684
41188
14452
282
27550
20747
25070
17494
36714
18384
35656
29
20065
7163
36993
34158
27957
19258
13655
21489
22079
28999
18861
20805
34207
29092
15179
3729
22103
18528
37663
20829
27391
11870
22857
19489
5559
18510
40702
22720
37959
11005
15500
15104
1866
25165
5861
13151
40527
23006
10645
11225
1529
21212
572
33409
5466
22275
15259
39148
33414
40758
5663
2452
30030
26757
10408
32384
4887
8132
25336
16311
457
39620
23226
2025
34565
5683
40093
36867
22607
6227
41068
36161
30188
7695
19313
18120
6502
20635
12903
23080
21091
22627
34454
18711
22934
12562
19104
5521
38415
7582
37952
15328
37653
12094
40966
23322
30692
7287
3463
4387
33570
17487
34389
7693
41123
36907
10808
31327
12028
11447
7541
36131
36939
22359
923
41502
6370
6597
15061
29040
20299
26322
10365
39522
3406
24080
31566
39206
5428
14832
28899
12749
16732
924
25279
6019
23583
18571
33160
11955
38855
8353
34950
21802
11679
31169
13733
3873
6441
27334
22582
30315
3493
31048
37416
37516
5130
28422
8923
5702
8931
17466
19255
41446
39144
28229
15634
15886
549
19970
19520
37804
20330
5316
32650
14907
6766
38011
11158
11092
36488
1766
25900
23183
8077
11278
21484
29450
27271
5261
18548
22733
32597
13133
21599
31832
33076
34840
20483
28817
14062
14754
3310
26514
26799
5600
17675
22593
15667
7903
29784
35374
21168
41317
34248
19945
3611
13624
16039
13367
3728
15823
7374
16274
14784
39065
2055
37462
28934
17709
8786
30998
15441
30040
11999
23723
5021
38326
18773
9013
7339
4753
1462
20700
395
8615
30060
26794
39253
15416
24847
1411
38638
31282
16810
1346
3539
11456
36695
28839
35979
7442
36998
37783
40921
15500
28287
261
35072
17377
4753
36605
14750
6577
30776
20117
6378
37894
12343
15038
37783
26768
15001
34233
23465
30173
3428
37015
22647
35216
19397
39209
14733
24598
11410
6185
17086
15176
35768
21783
29608
14289
10585
11338
11461
15811
20044
28755
11118
23514
15525
14900
24837
35078
9266
23408
20552
23528
4597
31494
15090
31962
23590
2246
5187
30243
35273
35038
21480
35244
28314
22009
18136
3336
35542
41263
34352
28325
14884
37133
13701
24937
6390
24622
38446
27099
38454
8312
26082
32951
70
9841
2256
25126
30727
30968
33797
14820
36497
6593
31358
33183
18029
25934
4105
31596
26018
25298
19414
9130
9518
29335
12517
2600
34961
11503
16518
26481
8255
41394
11827
25893
3102
26893
531
29157
19823
40477
14923
23416
9024
34343
9494
30267
41176
15288
25451
20071
24904
13441
26952
36380
20879
28186
39081
12411
24766
8300
15253
18628
21066
26180
38840
2169
36090
5204
15986
36889
13405
19902
17678
9007
29571
26318
21681
28597
5043
24356
1130
22124
25208
20298
32491
5737
32099
15539
11635
11980
38841
88
22099
2312
21096
8892
23910
19257
9071
1599
25031
23787
37594
8454
23352
7491
29171
14642
28218
6835
30586
14565
26809
14808
22976
26255
17347
33122
3849
16809
37141
20471
39179
20707
5804
5393
26629
31978
30270
33377
14885
30444
10552
37597
11001
9397
433
20578
28072
25538
16247
7434
9234
10587
34338
35093
1685
13881
9765
5320
11949
39766
3382
17897
36730
31054
21163
9295
2935
21892
18468
36078
6554
29533
30980
36203
36575
14143
24260
12970
9450
15537
32427
35520
36103
4827
31001
22705
28143
21335
17774
15953
4532
18542
26661
6293
15030
28419
4929
25652
27812
32689
24158
29149
1682
8412
19512
36537
21594
23627
12187
1273
17190
18171
17640
32926
24383
34292
31169
34911
23528
26210
7096
18820
17291
18329
7899
30194
12520
18727
32823
35456
1126
16930
5922
40571
29927
32268
31107
9625
4000
40750
18011
29577
16541
6194
29055
7194
17649
41325
32248
35651
33010
30597
15432
38484
12836
26956
36656
38751
25954
32279
15609
32979
40354
4921
29123
4685
38862
9896
17890
10009
20567
25439
38223
9632
1622
34491
5534
14528
39605
6894
32778
13896
1419
34613
23658
22184
14899
17591
9138
39252
9236
9317
30891
21924
25793
31541
40880
37447
36610
4262
40676
34862
5314
5078
13425
19028
38764
17823
34471
41221
30299
11331
22646
23635
38811
26571
26708
29318
24548
18281
11564
22908
19030
33170
30679
9972
30757
33290
35558
4395
24405
10778
13227
21078
2875
28945
27792
6820
14789
22640
10161
2982
27138
36233
14455
30858
18607
7949
18748
33485
31991
39563
35166
6681
30981
5012
38602
8316
33262
34511
23338
21202
25732
11660
24899
33546
7635
16449
40378
36395
5397
7698
13685
12307
25473
13742
40652
7627
16708
5319
25317
33029
18146
35654
13626
17116
19621
37743
14390
20130
20936
35194
20808
40495
31199
26609
36921
7416
29810
25567
39210
32351
21583
27527
17604
5855
11112
27274
31523
11659
25261
14813
2787
11380
21943
24286
30365
7636
30855
253
22977
40000
38457
27854
2776
22359
35829
8456
19886
12010
3661
7543
25336
26920
33449
34952
19186
20603
22082
4752
14991
22520
41022
20457
36187
12840
13869
10539
4758
13348
23840
2995
41394
34655
26144
3836
26362
32507
39967
34700
12214
34450
28023
32020
9419
2783
277
16170
24931
18438
6463
2469
17981
37284
12341
28546
18221
18637
10500
21520
35214
32748
37370
2314
13221
36935
17943
30341
13762
34707
11359
36522
21781
23023
2199
26321
40365
307
2966
2253
32569
11568
24526
26710
8504
11337
1089
26509
15690
19695
38617
21479
1070
20167
27353
9168
9221
35700
17211
6557
17111
39481
2167
14533
6232
7648
14016
15380
24255
40840
37284
4030
16765
20818
37320
32536
21424
39706
35834
36492
22167
17773
13152
30167
2861
23821
20870
10035
29745
39183
21256
11641
40565
5913
24645
177
4584
21928
37069
16970
6485
28039
39441
21004
15574
33025
11941
38699
21579
1830
21376
13042
356
38368
28292
31079
21371
2256
5625
31417
38131
9521
32212
25506
7689
34193
28933
32052
36361
21181
35459
17470
18396
29109
22963
22719
32035
7239
28115
15032
25471
16589
41390
25156
26020
4452
6573
2350
5799
30227
32804
33389
29421
25677
26714
1792
28627
1587
23482
27485
37626
15161
25712
6032
28844
37444
17784
18944
6030
39814
39378
4584
40435
30191
8999
39157
26974
1328
22647
6066
3471
20601
38090
4021
34875
2306
14817
21558
39753
25168
30274
694
14721
21137
15894
880
4076
14786
26124
41305
26560
3130
15929
4285
311
23172
39628
8620
5812
29817
20744
11003
30478
5215
3094
27933
15496
34532
2958
20948
132
5424
25800
17895
24222
4500
18023
14027
38435
22436
26523
29556
4186
17063
33023
38753
5371
29170
19421
34966
35990
29210
13978
35528
27604
21499
30058
32467
14201
33636
20764
11216
6440
2946
40954
29163
3060
23575
6810
29163
4899
34756
9588
6537
36786
27106
20269
27941
15813
6610
8746
11197
11095
9197
33636
10938
2305
1059
21963
38716
20506
21242
20468
15643
10824
21282
417
38830
11045
4508
30259
5411
7677
36256
20655
15329
36489
15528
8345
11783
3818
38024
17864
2311
6038
11960
16126
27517
13658
13834
8323
40233
23470
19208
33335
18774
3178
26309
19378
15793
29401
6852
23179
18715
21623
38627
22793
30592
41382
35559
39041
1637
39998
9971
21204
39638
10546
39163
22337
38964
19509
36157
16075
10251
23484
27903
10477
33923
11266
101
10105
12002
31994
7856
13721
22711
23718
11752
22385
41054
15838
15160
29855
3594
4702
20802
29576
32333
13652
1030
13241
29626
24702
19310
19142
21822
41427
36689
6205
90
13058
8885
32778
17932
23296
12654
33083
27867
9415
29998
12411
11138
32018
8021
15479
37274
23679
10612
15728
21770
3580
13086
31248
33575
39578
25846
7371
1264
30833
25655
24684
32413
31296
2560
25443
10350
9183
35963
37266
11182
9188
28519
37829
24771
3901
18583
34560
25149
16897
6626
6495
34117
24645
36364
20468
34775
38401
19254
9397
3389
37799
37083
126
15368
24301
33467
11912
17236
7122
14107
40623
28816
26057
22387
35749
38001
10581
11495
35639
21585
11878
9560
8690
38186
35475
28505
1517
15767
12590
25107
37610
1186
34183
23079
39256
39967
35052
13609
14947
11620
31609
16824
14610
30127
2900
40871
10273
29411
36008
33050
15804
5809
1967
38714
38684
3343
35994
22271
16439
21358
39691
20791
21325
1199
19573
39587
35753
3969
13433
40300
11133
12672
35285
15517
24985
7539
32596
30956
17938
40415
29995
18256
14259
18100
10761
26184
22933
18418
22799
35744
10887
14430
40102
2147
25352
3498
1587
21685
40164
3159
36745
20129
38281
41011
20315
10236
29757
21858
18627
34751
26728
18665
13976
39331
6326
3561
19679
13
36371
3048
41298
16297
38905
6575
23045
33463
16281
3685
7435
6413
22380
30502
35677
2133
34827
17259
27290
35473
2629
37552
18190
4131
14809
29064
6152
25951
19815
13805
14065
21652
25046
19371
25474
17202
36929
36231
37139
17501
16497
3969
12568
5453
31836
32469
38948
14496
25555
3499
18223
41194
28621
20364
37513
17747
33624
15093
20518
34869
17799
5610
32622
8957
26954
1826
807
25950
13133
30850
37119
23922
2817
20724
33002
12601
33064
37235
12053
21936
23770
4662
12741
23181
861
24535
12669
36051
8364
6968
38639
24481
20438
23645
983
8307
22065
14326
36423
41462
40815
7649
32574
29621
15969
28811
11016
28595
2927
22957
16596
16695
8285
3082
31154
11420
31004
41022
38356
33726
3917
2881
4498
4148
20701
4815
32765
36702
19078
34751
33476
37325
27996
23779
33865
37436
29477
11605
4662
39213
39376
33120
20064
3926
5145
30356
5420
4555
26191
25119
19223
16416
4579
19520
6457
6009
11145
2663
13117
20700
27907
9875
1920
22215
14987
25393
6190
13714
16428
22646
33481
3928
9205
22519
34982
7351
39419
12377
41372
2632
25996
40181
20891
3083
28445
31225
38568
20183
5036
8369
32886
36181
31699
12966
6330
3251
3303
16541
26665
1246
2042
1532
13968
23266
5102
22597
11480
19778
34715
287
32525
36073
31950
8701
28236
2473
19184
30346
35279
24120
28504
35295
8872
31904
40239
17514
21184
39405
24491
2145
13427
10154
23739
8881
27555
9524
40489
10661
32836
5660
10524
19650
9317
5433
25118
33848
28315
27961
25950
68
32863
9565
892
22703
10914
35975
24671
28136
18716
21592
4575
45
31979
15195
13357
5995
28073
16925
27983
23079
24763
22946
24806
9860
5052
17032
37502
38540
3328
37967
7855
28359
20286
6341
26900
29200
34020
18360
5474
26837
21791
34307
32756
24808
15708
1320
31871
12788
38038
16482
28266
21042
827
29713
6175
40725
7298
18745
24884
21710
9646
40881
31139
1252
18317
38640
13561
18177
38414
913
6360
12051
11063
31713
13261
31056
7916
19750
8201
1319
18755
13875
2874
28760
5498
17096
6582
8155
15161
32474
39390
35189
31721
2247
344
2251
15346
28342
1670
17297
16604
10365
4202
38917
539
24171
29753
21168
23815
38034
12880
19146
8073
15886
16291
19829
25628
10970
40328
21854
34831
38006
13950
2681
25379
34167
16919
25763
4986
10952
18902
30251
16831
13879
6850
15819
41331
13638
20595
16518
20907
28593
35083
17165
9811
19718
352
15135
2852
37748
2348
5189
14794
17208
2407
27643
14488
18223
22359
34627
38552
39833
5056
2986
27279
34988
10874
17650
18116
36822
27798
20133
27537
40773
39696
22033
38336
32182
39317
30743
14921
16949
24454
6569
28228
13205
25061
26605
19567
9475
20426
19751
22646
30492
34460
35596
5551
27707
37179
29147
18444
16662
23406
28177
39904
3061
31852
1785
12907
32108
14200
25614
38242
10554
16346
8029
30635
4466
29992
2209
39197
10635
28588
18041
2359
37216
1723
22784
24722
33998
24517
20099
22321
28091
10620
15706
7825
52
27121
30801
32038
15843
33062
23104
31635
9862
14460
12463
23183
25868
29054
1567
37960
38964
22611
36032
5937
34532
27462
14374
20818
20879
38789
34547
19037
39873
9046
32539
34633
1012
8343
3794
19713
3459
16286
21364
10145
41061
30597
34968
31194
29180
9664
13373
39633
26166
36240
38403
13691
12612
40918
13220
390
35676
34837
4392
21789
35974
28459
34314
9292
33150
38873
206
34158
41352
15665
35622
31096
5182
18851
1494
28122
30902
14454
18489
3941
2199
34298
38331
10591
17870
36131
14343
5469
16935
39408
7472
13308
2554
36519
40772
9980
39427
15329
25666
21948
23474
3925
14726
30322
14096
19495
15626
12067
40710
34832
18722
10823
25944
14900
6351
7559
12601
40427
38109
21393
19034
9675
11232
21171
21058
5283
33041
9929
28235
38916
9129
30737
16420
16514
25508
15529
5292
5029
31761
10069
36645
34957
14894
22292
8233
1600
10328
9765
34826
13520
20754
5934
25653
2970
35173
16658
9596
16930
39558
7560
7152
24742
9220
15568
27784
14048
14612
30376
31107
37835
28572
24819
32601
26200
28127
10198
41075
21539
6263
36860
20004
38842
16916
17151
37839
2155
4081
24507
22757
37299
36022
18269
37109
29067
35434
23169
20242
4496
12303
41369
15002
32512
30771
31219
7177
26213
10230
37599
39039
37488
19058
9140
40492
37176
24431
16177
7676
37725
11061
12526
31108
2760
12280
32983
40375
36058
23525
1724
20067
30612
15810
25690
30494
24697
5068
4778
16615
20760
18276
8493
6224
12076
1784
31877
12737
13072
14018
35821
35824
35370
26539
22647
23039
15922
14678
36641
12381
36381
32128
3298
34000
16200
40610
14101
10662
21136
6943
20195
15976
24571
30719
22041
35822
32296
29743
25464
16683
34012
35785
863
5160
30342
5286