34823
3936
23327
8763
29526
8766
30447
21670
23565
5376
3109
27606
6174
35394
9467
40511
29081
30355
7329
3866
600
25910
34861
25901
3070
35289
6143
23095
5091
37452
7921
16735
5204
35545
16928
13935
2614
10241
21223
21737
19581
18709
22357
41096
39111
21252
31197
39153
41255
173
4864
15544
653
8130
25726
2641
39239
33392
39735
17445
10478
7932
27010
25431
30520
33271
27552
361
10083
21375
12245
28824
25860
23925
10869
18197
32360
7799
30222
35664
24116
4378
2344
6215
24350
36597
10701
968
35022
25534
35745
13271
8190
2430
25693
10962
32700
4957
5032
1139
38706
1592
10538
10578
7069
18290
29502
20573
39933
13702
31547
32950
26553
18416
11547
10809
31785
32118
16126
35968
5979
488
36264
3466
16282
26505
4487
12288
26297
25782
10375
13248
13467
40485
12505
27854
38716
37286
35927
28463
641
38980
20164
22216
19888
10946
9901
16918
14744
39427
10657
32181
5731
17304
35340
3986
29845
8515
29650
20245
30520
20823
33670
22498
10096
28628
26494
16051
9054
26913
24423
14821
1322
24642
16468
3774
3371
38377
14296
10778
38360
27077
8960
28561
31136
20337
34151
37285
25267
11335
40211
8446
10509
22542
39458
21378
33993
23922
40545
28397
37878
1706
33824
39673
11302
3624
21840
37264
3584
18578
10879
3394
25282
11679
12902
27495
33812
19766
6953
32269
24485
33747
39683
27058
187
26620
28117
19597
29434
4265
32034
27056
35405
6203
11128
5620
39733
13912
1604
28706
20652
9164
36628
21691
13622
38095
30566
28237
39076
25661
11628
24708
23441
29025
19207
8245
4195
36012
41255
37593
7556
31193
41358
38292
10412
41132
6243
28101
265
40837
41034
27579
30580
613
36228
11544
32514
1444
25706
13837
32501
29128
15170
15994
13269
31643
22738
26011
32668
35606
15000
12703
14669
1380
40600
17549
28778
3885
24879
25235
12280
28659
40425
26837
28882
12262
6329
30954
39788
38340
4427
29004
20775
28761
24903
4014
8829
13141
10565
8178
31156
26068
15286
1753
31163
7487
11724
22168
30185
38309
27475
4985
29581
29352
2081
23044
27999
30729
2876
26095
27564
24874
34354
8961
2202
15548
26332
523
156
35561
22981
1392
37357
3802
7431
15877
27175
13781
41233
30367
33639
37924
18235
9422
28338
36695
24115
35571
30767
2805
17869
19638
40792
15530
1223
650
14843
8998
31084
37394
778
6334
7827
14781
14520
19646
28957
25466
26753
38884
6004
27416
25744
30728
19514
26103
40243
17795
20907
6689
16738
8788
26352
35082
23570
9028
26702
14973
38446
23299
2569
8942
16299
29676
29924
5742
11437
31562
30499
21173
23565
25184
26755
31715
32318
39206
39158
17497
32961
28423
20453
29829
37237
13082
27326
14048
17761
1000
20373
1064
3359
13798
18279
15830
17080
16330
40156
1999
5091
1405
11413
33503
13142
12373
2870
29556
3434
25522
9544
10586
10433
38104
15775
36373
14378
21289
23813
26563
5127
4589
37238
24990
10266
36589
12816
17771
33389
31286
19019
23913
4333
28065
22120
6088
3900
1078
30068
15391
37202
14782
14237
41069
10040
10955
38046
15452
27875
16620
15770
21609
31687
24324
1045
25155
35768
30874
16780
9422
37180
39317
14298
30401
31251
41405
3137
3634
28488
20126
36062
28436
24510
22941
15356
25148
16559
787
29803
17440
23062
2895
14912
38933
40595
41220
8621
37307
3094
32770
7627
20131
28894
12087
2499
33807
24023
30231
12182
1252
23952
29374
2560
27644
35496
15156
32315
23634
18414
19099
11468
1161
28297
18218
20225
6222
31415
1505
23232
26361
15852
39444
26522
27080
24622
30714
16599
20787
26485
34395
21309
10833
32110
13310
12176
39159
34277
22063
28904
38977
16406
26373
33740
23727
32451
10081
2866
40956
28351
34275
17997
21557
33624
15864
3351
19659
19124
35098
25371
20061
10316
5351
2505
10366
22475
39222
501
23335
5894
9819
25724
19853
10510
22137
2574
8019
18999
37816
19334
10091
1059
1937
21925
37306
8302
11552
11773
28008
39388
4355
20300
573
40566
37676
33429
16040
24845
37243
30905
38034
23447
29296
10593
15242
22842
12931
4652
7308
13581
37826
425
1944
11462
19879
24104
32278
37948
15365
25786
14103
33795
11958
8083
29565
38179
16531
30686
39717
25690
12736
19528
35628
24890
16362
33567
14106
11382
18048
24597
21242
18880
15157
31630
32309
11855
19880
19848
29251
19807
36115
6936
31546
17795
41087
38593
28645
24809
25865
30681
25534
17336
3105
38998
40863
7180
38402
15846
4634
15644
29383
21271
25466
40579
12336
28734
22576
12494
9959
3291
14809
19993
12283
11873
18275
11160
23812
5177
40155
34260
26018
15285
39461
38257
471
38208
11088
13788
823
2306
21999
8026
31295
31458
1258
10614
36464
15863
199
28277
16825
41373
33842
40695
7059
18003
19080
36629
21059
13513
10616
37420
18376
29145
2641
195
4116
11907
7750
3846
14446
242
21847
13592
22444
14487
6741
30674
16740
4879
39276
23834
22534
21981
18874
27902
18054
27299
33512
22511
11702
7496
34773
19014
8433
21288
5458
17785
12281
15313
23411
31815
20719
14785
30597
27410
7174
39210
25766
15502
7961
28565
30180
30197
18606
32571
3188
19981
22051
5462
37895
24042
1066
3562
29827
27688
40335
38971
33240
22875
21451
13964
16027
1701
40634
23787
19741
30277
16238
1620
15804
22852
18205
37522
13619
18716
23832
20811
10767
23650
37114
28445
26634
24062
4257
33263
19015
22434
9981
37624
27405
1463
8647
34923
22855
26812
29385
12977
31296
13292
3454
5288
29112
35354
4562
9203
18166
14267
33465
28946
15479
7544
37070
25632
31793
33804
11969
41495
28211
4042
6714
17271
19087
20818
41163
20777
20340
37794
289
35974
23249
27094
63
38063
38924
30988
6047
36430
41328
19922
7720
10716
10827
32867
24445
40154
12593
12322
8012
7715
40091
31870
10121
29644
25708
21243
34318
10328
16411
25741
4574
6907
15042
18332
19899
38500
4019
20542
11
14872
16151
7182
30677
307
37394
19792
7227
2060
27352
6430
35784
25853
21595
22242
3445
6561
31057
5200
14825
5092
6843
25261
18777
27177
22956
10868
3294
562
11087
38408
25056
40982
26989
759
30669
25245
35336
20572
18147
26376
18689
18019
40813
31610
5430
6151
33650
35660
6135
3689
29644
14258
18479
38576
34088
8906
5808
27159
32531
35002
7042
38409
6986
35408
36590
13278
13904
3282
2019
5688
33823
3727
15440
36344
2031
24926
7580
36683
2498
39781
93
14436
35758
10851
9971
4779
23424
12084
24041
28449
24751
5018
1095
13703
21368
6521
2747
11008
28120
16198
22608
33673
39078
3799
35116
28191
5815
26922
16505
40659
16328
12339
32455
32249
38906
35453
10351
22341
22684
34950
36596
31670
10034
25675
17269
36005
38172
29520
39359
37196
26581
38159
7372
10973
6522
34041
22065
5097
11501
38409
17687
17418
16431
1688
17234
33962
23309
18883
1177
39948
4887
26727
8446
30238
40375
17369
31158
24713
20594
8245
31585
34270
21038
18481
19057
4585
11334
35482
40301
35392
9050
3142
27402
22773
21696
9583
37610
39164
24195
16772
24867
16657
31880
3977
33356
5413
12759
23123
39643
16449
2108
38642
14705
2952
35144
30331
34414
22474
10643
10781
31593
41161
41358
6777
35218
31832
34340
31020
32496
6199
31968
16442
5032
10879
15238
32810
19400
21314
7914
2059
26486
5686
37259
28119
2218
5846
38426
17160
18491
795
12992
18096
20934
24062
35937
26652
27245
12162
34819
23707
38873
14744
40606
13436
10500
37200
13764
32495
36570
32304
17262
27651
29556
10164
2942
14422
2692
36063
30625
41141
24404
30628
32132
16594
39074
27637
7729
27960
35638
1370
12146
23115
38967
17668
32919
1371
29076
14356
39224
17253
28080
4980
23868
20557
13607
13373
33702
40578
21648
37451
19899
38486
3086
27045
9467
16748
1618
17974
23736
16866
24903
39296
26437
4377
27335
7804
19804
28991
20684
26350
20732
26839
16471
35178
15973
19458
34180
12231
19939
17890
7816
7605
14912
36781
3765
36035
36858
25937
2484
21479
16531
23784
35278
34988
40857
1026
11488
35778
4742
17622
18589
32558
2399
24999
35681
6500
18198
27027
25111
28947
4129
18781
12648
7415
39982
40632
5471
27926
5456
28809
33219
13229
16978
12124
4168
2494
23048
27075
11304
22365
31134
22478
14455
13072
40647
20895
12432
9153
29381
10878
38006
25704
33572
19938
34705
14940
21075
39486
18064
16408
18405
745
10771
33743
9473
35077
22840
34171
33995
8704
35315
23
27053
17822
31020
35901
37000
23889
8234
30493
37083
39855
22691
12157
10869
985
40225
13296
13309
26523
4098
14319
34767
35585
32565
40155
34562
13419
31441
38203
19297
10741
1330
21918
14922
202
22604
28473
40325
38136
4115
17693
27389
6299
17573
23729
17269
28187
26239
38217
35205
8968
3361
8280
8481
22909
24999
3624
24216
18771
22175
36690
22633
10756
40029
1640
23344
15115
5289
230
9535
2250
13617
34205
40237
35883
3518
6489
25360
37053
14553
3376
27999
16777
26895
28754
1574
27593
33030
24304
33986
28206
19915
3944
13604
26223
20796
36899
15664
3101
29678
16346
36661
7856
23317
909
29811
9821
21231
13559
26918
13540
35459
1673
19347
6185
27795
20895
9395
8448
29944
9623
385
14548
33209
23924
15832
11233
3981
27978
4412
4060
12021
36657
588
15544
28345
39662
26329
20365
29859
36603
38184
4527
24482
35525
15471
22893
4633
32635
10279
23910
874
1762
1876
33094
22765
34547
8729
1587
34043
13304
8345
2959
39428
34048
37007
38829
21651
25404
25606
34680
1830
40541
26896
1529
23361
20322
15698
13613
36757
17940
31289
2740
17660
9793
17610
41426
14814
14622
30277
15977
14546
15582
34248
6673
31097
20356
27909
22408
37573
35765
38744
21944
2086
25404
1232
12613
33860
18213
17451
39195
9103
27954
18666
39188
17158
28874
8175
35455
21642
40526
21239
26711
13670
39462
19922
33440
38566
1142
22870
2617
32584
7162
25751
22249
31334
14653
7581
6890
30804
4836
6157
27358
9326
31028
15604
32810
30269
22284
35288
798
22605
30223
12567
4982
15610
2908
39113
7992
34999
38476
5170
35007
24701
21643
16125
32493
1836
34443
33760
3113
384
20450
1150
14670
14837
13040
21192
11653
10363
6252
34913
24839
3694
15527
11107
10516
30922
20790
25307
33890
17643
12827
32047
3973
26169
11722
17977
24137
7004
4393
6099
22844
19454
18100
34146
23790
32751
27714
21457
30512
18562
20624
23558
27264
23762
2107
25875
25905
28876
4636
26464
30498
12262
20579
2693
14619
9103
7420
38989
38926
1052
39783
15167
33228
27685
22695
21062
20482
18511
40093
7175
4165
35976
7773
33560
31073
15593
33911
14131
37351
10286
23084
22779
32458
10091
26730
29765
12848
12064
909
29605
12982
16262
20227
37709
30263
27521
21558
34021
17125
26770
24123
38880
10967
34651
15114
36622
14663
17183
34569
20822
28825
18313
25120
6876
21820
16454
32548
655
38893
12131
39044
4782
11753
34222
7331
11217
35278
26445
10662
34041
33147
23297
13431
29732
3562
16138
17403
16525
11469
33030
21700
35569
245
18193
41338
35328
38816
5346
38898
5810
35330
18015
9699
30409
13635
8558
6653
25406
23254
30969
6124
23154
29514
6011
12698
11076
4623
39125
22860
37067
11576
31845
40405
19180
30464
16143
15057
11036
18860
23947
32240
9060
21677
6711
38564
14207
10047
4142
7015
33175
37938
27071
20082
8820
15614
7097
36262
39145
28762
15879
22950
1535
22289
38837
15868
40022
20900
34692
7720
4540
1056
6083
17589
23735
8037
35355
6847
35270
14353
27937
39526
31908
34315
1065
24724
16094
19498
3193
15088
22511
7666
37902
13223
40373
511
18207
8104
17115
24516
34869
27560
5904
13468
37932
666
26425
39493
17501
36051
19629
24418
6618
3137
6957
35649
29118
26168
23459
5311
11192
12436
14983
34825
33692
37653
27992
764
11032
18063
24921
6553
11213
16881
36615
12254
4830
32837
24726
39853
13824
29316
28109
16406
25038
34315
24958
39395
19932
17982
36492
40738
1357
36275
38035
15659
23100
11828
31606
3441
41241
18495
4996
25106
18845
3492
34062
13581
6463
35055
40722
22425
34961
1103
30123
17802
4409
3961
23382
38219
10838
14129
876
2504
38965
21455
35141
40895
32555
3437
39150
30848
22278
6298
23232
40644
10729
39393
25892
6064
20126
10830
39969
17348
26479
29030
17403
21835
27852
2002
30860
27803
2805
28982
38841
37088
1973
27457
35101
40191
3639
32513
39691
4493
4303
35688
2017
880
24595
11424
21855
11188
39969
31305
25148
16117
1639
14402
21820
13960
10736
40372
3472
12437
5246
28731
41212
22371
26548
17850
21805
2760
8100
311
37152
15081
4782
4883
7198
22630
10423
7935
38114
7527
34924
17532
39339
5463
4789
4581
10238
27356
24288
36954
41219
38376
37299
1883
13838
26181
34083
30266
34601
26699
13964
15888
31756
8720
34642
12180
5845
22335
16500
37047
32091
23735
28962
34721
14875
11203
22861
19287
40436
18951
37163
24999
20269
10292
26952
20425
29706
3747
27867
20050
14785
30601
7781
23266
3239
37991
34322
5437
14231
2787
2503
29394
28664
34853
27288
22711
1143
13909
23284
16804
32184
10836
3264
13501
31909
18037
10570
11748
36172
22580
1265
36715
23690
12890
32494
8451
2018
9303
15120
23061
37835
5658
11094
31060
19892
14645
11976
19281
35343
16224
14820
5233
13587
39924
19760
40733
17559
37345
20910
29768
41038
5518
41449
8882
16320
26137
7190
5854
23640
32014
7271
16290
12505
2664
18605
30844
34111
19418
34226
9865
13449
21343
39712
24269
1755
15272
9607
26437
37746
16380
37773
11917
31721
40581
16750
37884
31735
16531
17001
40436
10227
33521
16620
37931
34134
23731
15926
20703
7965
34039
38817
28559
31082
37213
981
33968
24075
24559
33496
21996
36683
26370
13435
12375
21910
37149
36407
26668
17115
26754
32827
18564
5976
27616
30090
38073
8721
13391
9058
5340
32194
14540
29130
14203
20326
14989
13075
35386
32241
17060
9914
17359
29950
4957
2218
39433
8670
27255
4575
26650
17561
40278
26223
24154
31475
10436
10128
10252
33139
32168
27889
26583
27317
16234
34876
35851
14335
33953
2745
3736
10620
28019
37190
30982
8070
15749
22708
4126
25402
38984
24431
11901
36858
16230
31146
13207
7859
29376
41176
28975
4403
109
15171
2435
3500
18699
6203
37529
41142
32429
34179
31457
8402
21153
25187
18532
24294
21163
31036
20694
29308
25168
19889
6291
27967
16090
9005
19421
22858
26733
11009
27782
4264
33144
40504
36684
527
15378
12726
6418
18540
10688
35523
14492
17651
31798
6441
12443
3941
38060
24458
1095
1423
41341
20222
18422
17639
20646
5523
1794
18510
26430
1784
3367
17077
4278
18912
10793
28666
398
19956
16045
6193
38012
2266
23646
11186
613
13139
28387
16907
2509
19995
34177
6091
24396
36008
9916
25138
3302
13833
13907
33182
9215
67
19298
13761
12716
5251
24255
23973
30393
16443
4153
18703
27452
6131
33698
145
20023
4539
3967
15685
16691
54
8548
36279
18294
16158
17688
38723
39451
21194
22912
29623
14224
13875
36926
16303
24954
27003
34235
18973
22479
35655
18389
8304
41371
524
29014
10258
41453
30523
16432
33504
32437
31988
33575
11607
27404
19705
37885
27895
10460
903
4179
5981
2646
39435
35319
36481
17500
35198
7069
7514
1881
35584
40018
22167
29450
34196
17028
29817
415
29850
13335
40314
34904
24613
2783
8963
4078
5670
12478
23378
14319
38427
36944
8469
36079
29400
9547
30757
6122
34914
31143
32837
22110
25227
32886
34148
35972
17681
4838
11721
3440
29201
23072
7514
8194
7258
16799
36061
5326
39901
10775
9734
24711
6720
3338
36419
33597
39934
28274
29326
11156
23814
31712
35733
28100
41091
23056
28974
31942
36863
37423
10928
27276
516
22471
28508
22013
2544
12830
31719
39385
20952
7323
19786
35416
2764
1115
7737
40804
4508
13232
2502
15569
23474
15723
28675
30664
30439
12666
1823
2866
7465
32350
19388
26925
3546
15521
14382
35076
25557
3821
6468
10594
23336
5189
5001
9906
25736
3387
31913
40111
40637
37110
15729
24610
31331
3586
27328
6843
26551
17908
3465
9628
4035
31379
13331
16313
18663
32379
30934
25936
11867
7033
13363
39900
8953
19112
4351
9292
35999
33630
4709
36891
31332
24958
8087
32620
3482
30272
21022
38127
29955
27594
5434
21622
18948
11206
8337
25881
7919
8209
24994
24462
35305
33357
4662
15087
113
26502
10474
19705
26340
6220
14954
35388
1856
9255
37088
15658
32700
35587
21803
18812
10374
33483
16467
9405
6313
12724
36762
13873
14537
27132
34210
7274
34669
34450
21111
31565
41259
17596
13911
6670
6184
1037
30424
14207
35089
22139
32501
13881
21200
6669
36384
24084
20168
26635
17424
20649
254
1479
32993
37801
18754
7538
8040
19212
4770
19415
39280
30008
26587
21964
10751
17154
12223
37472
3134
8799
39766
19451
13983
36514
20172
34799
40801
8828
21918
8959
4027
22263
17557
12724
16678
35854
3386
2177
29797
7004
16133
10804
25079
4608
34835
24914
17299
8473
12761
14433
27951
26387
14712
8883
11645
36596
11672
40215
10963
30004
38547
13577
1388
6016
3710
29136
7630
6014
4101
32594
4041
14505
21373
3437
14991
7365
13873
16693
32731
10286
4536
27781
39282
31407
38570
36606
24672
36759
17936
28120
34327
12569
4673
24051
20121
9271
5588
21466
25482
1627
17559
20687
7025
26167
12174
40936
10519
30298
3217
16844
24970
31963
27475
26600
10919
9514
5678
24325
10166
13866
28286
24920
24126
19849
23798
8737
21100
11540
31992
27460
8111
9639
15416
2519
24826
12713
4625
2932
28320
15733
6137
15054
1816
452
12311
39431
28807
14074
1809
27071
1221
31322
14181
25187
38453
26836
33896
15334
34171
13378
12697
11896
33247
4042
31342
34800
39531
37307
38319
29912
11459
8310
24335
37476
15092
32104
2878
1681
41352
13285
4719
22304
26857
22082
30649
20461
22775
7985
38118
12751
29185
14546
24133
35997
30788
25206
18453
5881
18186
14243
28889
38808
16037
38189
29771
6155
32595
14394
5777
10049
40980
8071
28440
2414
15266
3799
3511
6506
36895
22735
2790
5241
12011
16796
22500
2362
4219
11859
38513
8791
20903
26470
30784
13485
8067
7182
23669
36336
36940
9192
2560
6406
4410
39704
39158
39062
36354
39902
19486
11485
8634
28856
16536
17515
39526
38646
28022
299
40392
8785
26650
32316
14599
39333
12521
38230
8885
20766
39106
36882
29709
12847
10730
33616
5054
22305
36802
32306
36341
2247
19430
11884
301
31969
34358
7945
21903
31708
41452
7886
22257
28831
4060
7377
22124
18351
6130
1342
6504
38742
23357
33022
25709
39883
7738
8120
17287
34569
20279
20032
15627
20218
37349
22720
34468
32003
7718
32952
26714
15021
1517
14704
17029
617
26076
39245
26256
25119
21582
40008
1796
5500
27385
38158
2077
38768
26053
28924
23520
27928
3254
41228
27096
29433
38218
27175
31670
13596
37338
5664
39732
11294
35998
12150
32442
26018
11757
22216
39665
38043
28566
30131
6696
25802
37733
27880
6167
21249
4674
17320
23206
41138
15202
9915
25845
27632
4519
33525
15059
11956
8649
32266
14981
11448
9624
2811
653
12542
16716
40166
1661
16386
25752
36048
12067
13622
18254
36891
15788
1699
33587
6892
30482
17273
10357
12522
808
23997
3263
14135
1089
20615
19464
38073
35400
19984
24036
22330
25535
20896
11513
40443
16285
3310
39986
33922
6410
27584
3229
29163
19910
28644
29768
34075
6504
38367
20135
24348
40702
34679
41247
40823
31139
35373
20940
38616
3325
19384
11625
29878
27332
13267
41177
26055
21568
23240
28245
11392
4759
7707
19645
16377
15231
3383
40545
10407
40395
3369
40697
35243
16121
13537
35975
32842
34155
14295
12862
10679
37787
33598
12482
27277
455
22711
25483
12620
24454
12571
20419
14333
13911
36314
6354
7623
41038
29332
10434
4793
16312
35836
34915
1705
39368
40297
28822
3640
4753
4166
17298
1313
17062
27399
3053
39944
2610
25124
20750
16686
23999
36506
3510
18375
9295
17280
23407
7184
25700
14137
40166
8264
5936
8294
6289
2814
25302
39832
7848
40157
12270
30466
21398
24059
38769
40995
18281
12503
30331
11803
19111
38860
21281
41095
29670
34857
11969
38764
12592
33979
4839
6990
15679
25075
19082
24411
13571
40886
3853
40598
39660
18967
25543
19142
29969
6657
28477
35794
814
14118
27709
8748
30744
26426
5254
9721
15858
24888
10659
26555
20628
24251
16497
35875
426
5043
31179
26175
30919
6884
25021
9357
41396
7152
2090
13552
13802
12941
23572
15882
28755
13540
13298
7291
27261
21730
30316
36304
31208
17545
859
5258
26316
4845
38151
32271
19889
30557
12233
30031
26239
16198
3064
27111
11956
9611
25394
40625
33338
38172
6999
20324
40759
28127
40248
10796
39627
862
10697
24272
1773
5735
22752
9475
14943
6743
23099
40848
38464
9526
8486
31894
12276
10384
18201
36455
6956
13631
17752
25670
3309
13952
546
37246
13794
18933
132
22923
41031
8571
18886
18742
14426
37206
27878
35273
15549
2492
38693
11394
27899
37891
31726
26754
11207
34694
20378
21752
23160
39104
21676
8441
16680
27842
19977
26214
15550
18766
33491
16141
17674
34842
35412
25979
17464
6147
11316
33404
20907
5053
9384
40338
35976
35719
14177
8916
2545
29189
8458
22142
20163
782
214
16430
31508
26040
1488
31920
8293
1032
26372
22138
26410
30425
36991
8094
19339
17154
29781
40034
23998
18789
36453
15956
5463
20502
23252
25617
13273
9162
6824
18442
25458
22004
19778
1775
6357
39879
1490
31320
18817
37308
713
39256
26613
7737
5362
8757
4886
19781
21622
35720
27980
28156
25404
23875
29257
26720
31545
17133
4251
19817
25020
26733
7032
40738
1006
15080
17118
13988
26959
34828
35267
930
26367
27878
28662
8771
15006
4781
38323
18625
11969
32194
21273
31405
16950
4752
6724
28584
40447
19440
6466
38801
18418
13356
20629
29037
11481
16521
2294
34072
3752
2876
19645
18198
9408
27785
34518
15346
6445
41253
35843
6914
13962
39905
34208
26293
6642
28822
26622
23341
36816
18569
26332
5379
8759
38693
32708
2369
18297
37805
13589
27942
24532
13620
16677
38169
24603
20553
17130
19339
13106
40806
14995
5134
35720
11520
8619
15252
9323
11129
23450
16788
30486
9312
18251
10152
7039
2211
16111
39460
27599
11301
36164
12787
12009
16736
19942
10567
2514
40399
3189
11883
33611
5029
7699
35427
38446
27399
24446
14375
24155
39958
25512
35705
9277
24164
28231
12523
30352
22052
9221
20975
17292
8145
31212
26105
39274
12248
25334
12942
35158
30092
5163
34863
38422
12212
25486
5302
3367
6716
24237
34176
16959
33582
18147
14133
25594
33063
23438
35945
32752
36925
21607
18539
38626
6759
22849
16785
7545
36720
28070
23782
15970
31403
30581
21593
38014
19924
20563
1505
40553
33074
9605
35224
21429
21592
6867
14473
35861
29193
11081
25213
8497
10487
26090
19795
9388
28408
22813
40708
11046
21124
39096
32282
24474
32166
1804
29504
2413
31778
40173
18056
38947
30534
11868
28795
29842
8344
34412
39140
30579
216
39713
29795
33587
31297
5263
32886
27337
21039
31125
29534
22911
19591
32127
9410
38780
26532
18908
15821
1364
9616
6864
29527
35481
865
41264
41368
21190
34500
22839
1511
29414
24903
6244
24738
10637
8635
26778
14380
258
31238
21063
28030
11024
1414
16909
3620
39757
16670
11298
8419
33933
23732
38457
26413
4955
14750
3370
35402
16623
2868
26970
36053
19635
37986
39823
26316
22486
41265
27786
5803
34705
21365
31462
30415
13688
1119
4957
32164
3514
24896
16892
39414
13111
27403
27194
38752
5934
40833
20601
30055
24826
19160
10248
35878
28689
41242
7826
20763
26431
40467
5306
20559
8073
34658
31980
10900
2921
31571
27630
27262
2717
5652
2157
30690
37842
34555
7210
40935
15062
1784
10093
34610
13961
15996
18141
19247
21623
13637
10467
22696
39788
31145
8157
29652
25175
19637
20085
32893
3679
22364
17290
30522
14756
13138
33282
33820
22039
14860
40859
17514
23525
16683
18698
4047
26469
19486
226
10742
7256
14052
4176
1467
40100
10645
16680
4182
9145
16440
5379
23716
34953
13571
25549
3161
32248
14901
7059
31962
14707
35933
41044
16397
36603
9195
26396
12656
30075
36651
23029
14735
16158
1510
22750
12092
37735
5538
36167
36443
28061
36951
31390
20764
2252
38782
16802
25398
18415
5728
6323
32834
34797
15286
29436
6561
37664
2804
37907
7526
4587
16377
40372
900
21097
12268
3970
2180
28672
2871
2229
39068
36057
7036
13087
6854
17524
20329
7464
10130
36233
38983
31429
1215
8037
31606
23922
33478
21209
38120
17490
8087
37619
10665
30180
2880
1351
15803
26950
40958
18365
40482
40353
27916
36554
35017
17274
20985
37144
41082
36743
6545
27124
24932
5797
4481
22688
27549
4796
27933
741
18157
25132
8120
13699
14930
16539
10119
20507
39559
19863
22900
33189
40655
23789
27869
32191
19781
40773
5981
8893
4622
28765
12366
26719
4825
24822
8030
32254
11006
31647
28979
34260
3244
27012
31062
40992
31689
24024
29098
26052
14928
34599
8822
33095
2991
28613
4975
8219
20776
828
2905
40197
6568
19436
40680
29425
30222
32305
21664
18265
29957
15491
32413
24334
15735
23702
33994
16509
8458
20193
6684
36833
39738
18607
28492
16627
1082
24596
12931
17270
13382
26709
20445
10402
27796
28076
35485
28827
801
10465
24670
16814
10283
18438
40161
16795
37922
25715
31510
12095
10252
7392
11480
30503
15147
3643
31366
5629
14430
40981
33623
9078
19452
40838
27694
4298
23882
33910
23864
12327
6936
9365
27352
21157
10089
3192
2130
37633
2555
21102
39890
17811
14463
24467
13729
8145
31770
12654
3978
8067
2329
25220
17641
40351
38137
13385
16399
25986
40926
20538
14579
15900
24508
14002
21967
6652
27488
27449
18728
6077
18522
21722
30529
7469
27862
20299
27652
7588
306
16795
3331
31242
20280
34195
24203
11301
8613
34949
27958
29791
11415
14853
40117
1105
35042
16228
14047
5869
18960
35257
23154
7274
32124
22292
15391
26946
25542
16301
25630
16012
22760
9641
33617
17679
9492
30424
3384
12305
27997
18719
32844
8979
29936
21485
28619
10989
22280
32326
31903
27628
9922
5292
13722
11028
23433
33991
25132
16204
12430
39464
38269
15200
24638
37489
15612
25242
2369
38987
1420
56
576
10034
20241
37531
12036
5749
6350
8578
4642
12154
33558
1992
37812
9584
5072
11620
16929
4637
13376
29009
10839
33038
23516
35881
15962
32607
29892
21876
18320
30971
9305
25199
61
3439
35536
24903
6447
36862
33830
14083
29370
2800
9031
3011
17082
13651
14885
39550
13811
13128
550
21801
17072
24381
19062
1160
9074
5344
23486
20341
23903
29927
38629
26808
32491
10408
12287
15016
32948
14836
26110
29463
24336
14001
22421
8436
40735
3581
15251
8269
24868
35229
15252
41334
942
25899
21263
37560
12569
31220
3138
32768
1767
25568
34270
40697
38278
16042
6081
16487
36149
18200
38728
15544
33615
36597
27365
29796
489
6348
39955
6488
34103
1934
17597
15243
19335
13036
5359
27859
16702
5520
16963
10544
41157
25335
3635
36357
12106
23948
11955
11429
29055
14942
8611
24263
39769
39353
21319
39400
30376
34641
23977
36184
14654
38992
1852
6365
19819
8472
13315
29810
2844
34990
27584
19821
26537
26352
39238
25909
7553
31444
11660
31989
15019
5284
21167
3544
11067
25085
16928
23449
9980
16364
35823
20415
26759
18111
16094
25418
28297
2343
30808
22867
29918
6435
21680
13508
16268
21210
9865
13834
29116
15381
40651
9409
38953
26538
16522
16861
41028
8748
34975
6467
3286
5240
34130
22101
8003
15701
6953
11940
36122
18264
25205
5800
24812
2862
11851
26548
36712
37854
21133
19483
24551
16625
14758
24746
38400
19385
11054
26648
20418
33772
6989
1634
23002
5540
12172
7971
4748
23698
27084
14251
27370
32116
29126
34669
31804
36867
3065
10448
40137
29585
40362
21838
7909
26131
23500
21658
30296
12690
39377
5634
3422
3285
20297
5466
40399
41314
38608
5745
38135
35083
7580
14239
4922
9887
23043
10766
25802
20918
23686
40994
16383
40000
37370
36133
796
39011
29389
31265
15280
34611
36854
26683
13357
3941
3873
10968
17217
27278
25201
6957
1617
17875
9409
10417
9507
19512
23790
12288
27800
11780
21549
18487
16963
9689
29058
28733
29094
25375
23883
33661
7293
40592
23695
36623
40767
24893
28412
36307
6407
39876
28367
11222
34093
8284
10541
12890
6126
40364
33955
32647
16198
15433
19815
35283
23854
6829
307
10775
40200
38319
27128
34848
23981
9001
24666
24165
13875
9261
13085
39198
27183
31243
13026
9750
877
14569
7427
19723
10178
22116
33435
30771
14334
17549
17923
18880
15121
41074
37550
32238
35556
18294
40758
13846
24131
27736
37826
19487
7830
5873
21469
32519
22065
39681
8159
24649
33800
6398
35493
38677
10065
30250
2218
26308
26516
24519
2733
41181
19821
34633
10016
38568
17166
22533
37319
275
32212
41144
28066
41341
12163
11483
5504
23393
28272
6138
5453
24109
25072
20245
39053
26220
37350
30165
39257
23230
18474
8245
20582
38084
35998
33536
8349
38077
37528
1823
18650
41294
27356
30900
6494
23938
20844
18010
13361
22800
24055
27581
8614
13067
6699
24841
34815
40396
32699
19635
17589
34309
36329
39861
14535
19147
27177
15695
40907
17882
36384
5603
21957
6331
2131
10341
23886
22893
16914
15161
36391
31348
14315
20219
33729
19784
12189
16123
12956
34993
29102
24015
8112
5022
17281
5708
4520
15064
13554
16393
26567
38024
12240
13382
29357
35326
14202
38020
14117
19518
166
36213
26332
36389
37092
20596
9401
335
35668
38693
32364
2392
4714
3737
34669
7886
5536
28629
38359
23432
36295
36716
377
29966
12773
11266
20401
22197
19834
28533
38333
4319
36842
39681
23990
33508
16427
26667
6401
15470
30979
35593
40804
24033
14091
14531
15442
14216
13128
19377
18491
3017
21367
8640
17444
25530
9263
7764
35695
28283
30375
6353
12964
39207
5038
30545
6201
26939
35328
12299
19928
13364
27095
18711
39606
39618
10001
20077
13651
39747
14660
7466
32772
39492
3896
33510
13017
6832
32516
27400
24589
5780
31886
39979
33258
6058
25427
33432
34089
682
18215
10170
35680
28808
15346
730
22410
6789
34527
24428
19061
1559
16816
19993
11796
33304
20961
788
23754
31843
39673
35525
5389
3801
28202
26031
41075
13088
23380
9772
11570
34314
39056
22695
26503
7831
37333
36133
24089
37411
34918
7216
21363
1433
19499
14259
10234
25248
16447
6586
38374
28489
12442
29260
11768
26309
6133
17026
25886
14276
21216
37044
41232
9131
9462
37733
4981
3099
38219
10140
24964
40835
13928
8551
39945
11717
38384
33931
22466
36013
19227
20955
25268
29422
7594
6232
11559
5524
12160
26691
3187
24332
19863
18576
36784
10447
22231
34430
32414
31481
29001
40165
30652
32176
11778
6385
33712
1215
24136
28864
17515
16557
37603
10511
1716
34980
20381
2806
28856
34420
29875
30537
27614
9647
33485
40065
5395
36559
27850
20997
26099
37901
22687
29516
22537
29690
5979
1543
15959
14722
35232
18928
26645
5267
14180
29390
25534
7977
23496
12938
7517
39245
18198
27216
34211
36651
17640
5612
23527
17429
27056
3118
25746
10921
16265
37593
1532
22216
113
13239
23349
37061
29429
23685
24483
40467
38979
6972
20504
16166
27371
19912
19212
13299
27545
28843
25544
23478
14621
22270
9866
35551
3337
18490
28104
27229
11982
32133
18016
31137
696
3223
18981
35523
40275
32107
20341
36811
2644
10242
13006
3551
38758
22103
18822
26086
13356
5965
1831
19976
30506
7430
7063
18871
10762
8966
37065
2954
11001
37545
31053
29402
40160
27013
23212
37695
3925
15095
16077
30359
19126
23827
16350
73
37924
26119
28361
13777
35936
15461
7158
11933
29544
26529
13341
28666
38182
28697
34207
18469
9790
2734
20112
30411
21886
14853
41277
16635
27050
4873
18284
6700
6530
17154
13561
10724
6131
37809
24409
16933
6557
39553
230
5856
19641
8975
38262
32413
21108
20599
15590
20633
4383
22945
14965
8615
10663
16422
22897
3879
18310
36073
22248
8479
2886
6545
39220
12220
32782
838
21548
18040
7345
10064
3679
4493
32047
35299
34049
11271
6035
15400
17410
36728
29991
35106
19507
6071
26985
12870
12878
22441
36289
20574
22233
34040
37946
8984
36483
21735
31416
1188
7830
36841
38454
5499
5651
10476
12117
26447
35776
25502
13856
15557
34129
2971
40415
13259
20970
25675
32392
12269
17800
14977
6927
36960
11129
4763
33005
6541
19693
36575
32275
12936
5007
18145
38254
1595
31701
3434
7259
6190
40535
8712
21474
12599
29431
17604
21141
3834
29818
32889
30518
35614
10631
9189
11509
35633
6596
25647
36017
8730
34446
12696
19455
1925
4662
12421
19663
9726
40575
7944
40439
9640
28323
21862
39601
25976
606
1979
4386
30749
36979
1380
9780
36184
34350
11460
2450
154
36671
16220
8503
36658
33811
9389
40391
842
17974
4999
14582
37424
22668
3442
5893
35855
13293
7804
35954
7866
17692
3600
9728
29187
18583
28774
12364
19616
25141
33438
32070
18993
1691
38423
16703
28560
24743
26930
26310
6842
16765
435
3475
26432
9781
13392
18315
29631
7480
15250
15897
36918
21195
15413
1259
11497
28801
26676
30288
506
15636
4835
12060
5789
31267
7407
21301
13728
1673
20756
5457
20072
34846
35681
14607
11620
8260
25364
6500
4367
35038
16612
23208
17301
13513
15788
22426
22598
785
26602
40376
1890
23555
1523
17299
21370
25479
10981
32496
31012
13855
11332
12887
35063
2243
6079
17768
13895
388
29670
9564
7097
28378
37266
5192
24691
13964
34218
38779
39054
4881
27255
7010
13520
32409
36454
6349
9374
19804
19136
21100
34658
28137
29048
31691
20488
14428
28294
21413
29963
28540
9515
28970
15119
26242
21370
4100
22692
27804
22775
39123
37866
16767
39059
34858
6521
24189
1613
33827
36038
12106
12336
30207
2126
22874
26105
12877
37947
16265
21836
19956
35244
19777
40222
2182
9874
23298
2820
12310
15298
26545
23771
22224
25121
8597
22398
41104
27630
15051
7823
11889
17357
27372
31373
8254
33839
41276
26362
9041
8298
843
9915
189
3745
24511
29617
18038
8968
9725
32404
10423
21086
3962
30927
2763
25884
7141
23963
39068
9501
18603
10008
38949
13157
23771
2705
14473
33883
12013
33960
21649
1478
30582
515
30455
32210
25114
17352
3426
18111
36988
7
5132
12427
9687
10094
1474
36053
35025
1147
1277
35068
10730
32211
21636
12865
33109
33705
15089
38842
37487
17887
3728
6626
15475
12871
11326
40574
34099
12253
38729
13409
40671
1142
16109
24444
10565
2465
12113
34719
37081
28054
27833
7470
24178
27690
20835
11899
14922
7097
31906
38779
20859
31941
21017
10347
5838
40456
17871
5786
23660
24814
9892
267
24835
38430
35847
39516
18088
13741
35260
38977
2394
18991
10257
35169
15517
11427
19587
687
9033
35324
25367
19416
12329
31099
25562
22907
22811
23431
5784
29625
16443
18866
331
2419
41427
6338
39135
2979
35695
39718
28121
39061
25786
4835
4207
4124
34973
23081
5279
5407
17324
36512
19772
39275
23945
35270
30062
448
21720
25456
15076
25129
828
31613
25778
16239
5361
32606
22083
15978
10156
22795
14188
21984
21077
22245
37434
36863
18526
19001
17224
19454
19415
3908
16092
33616
16356
22544
2127
4541
26761
11934
433
27309
28989
40032
12578
23464
18183
29302
40283
17002
28234
39175
22835
37339
27495
743
37709
9453
36594
3342
28794
36039
18320
20639
8923
28568
26484
18421
37137
19026
17382
37938
38263
11860
25193
25731
7395
14588
22986
33205
25133
19293
21052
9796
18257
38251
15201
1829
1935
7543
6835
21
3733
9598
20536
32546
9189
34064
22130
20954
20357
30819
36530
14633
29386
29218
7393
34506
16622
34549
28996
18559
13671
603
12353
17366
36909
9693
1676
36445
17725
23083
22483
32524
29153
16945
13675
1721
14501
23456
12366
28323
21954
14968
25056
8996
7681
20333
9777
23879
633
34153
27711
15121
17350
2997
26963
22694
14837
40294
24527
20117
30411
38421
19867
11101
13373
19857
6342
505
1952
6697
16967
2385
30332
11348
7349
32580
2814
21345
26005
37351
17147
15860
36494
24098
13942
6633
35987
10619
35291
6404
23710
13327
17794
30252
36452
19293
18777
22740
31170
13155
7367
41219
31890
9579
27905
13082
16427
9568
30512
13807
35772
11431
41209
35283
32165
23897
35906
19551
38940
16802
40336
2112
27418
16275
3432
26343
33479
31455
7281
2783
16193
26425
8552
2981
16200
34777
32017
23637
17994
17939
7632
21096
21548
15237
10073
25885
17464
26767
39946
4217
5218
9785
24441
8379
40520
10562
21424
15821
36405
9497
17069
17038
32032
37596
28706
11804
19844
20699
23884
38703
36158
15703
3122
22439
40788
35734
39236
21484
24995
8380
9521
20330
34738
5613
32966
25703
35092
24604
30593
39512
8525
26162
347
14565
23575
40854
39648
6707
26485
35005
33383
6217
33398
7300
38002
987
34731
28459
20655
844
2765
10747
11890
5825
696
4198
40972
34834
11964
33396
26572
20229
19470
39054
35480
8146
18636
31178
24424
20573
33020
14722
32635
32974
10781
16053
23880
20809
892
34903
40753
6224
35894
17806
22793
30053
33326
10361
20210
25879
871
16276
11595
6976
25861
2079
27275
22309
28829
6776
4319
14776
8790
41406
40542
34491
11490
39061
38676
35714
1563
35005
35621
4949
39342
27574
32570
27071
12319
25779
38658
33595
10306
12082
18103
1099
16082
31291
29865
8418
1757
41137
39173
10484
28469
6847
20449
455
4203
9408
38508
12100
36454
16516
18286
33348
17133
34408
41472
34849
35971
6537
17596
33938
3730
34089
27395
6562
19727
14924
34381
4679
9274
15177
28471
27747
11881
17109
41405
23740
38128
21854
27838
6088
57
1726
34488
27631
10345
8230
15976
12483
34444
7814
31364
39326
3299
10388
1546
311
34452
29073
12374
14428
39282
20287
6763
10078
15466
8890
16244
36172
3577
3368
217
21021
13319
8935
16046
13199
7972
18860
13098
12283
480
1553
37644
30992
13246
28760
26092
11784
4842
23779
32229
4026
20139
12297
35815
27919
39880
30319
32673
14501
4958
25995
10573
2056
24030
2781
13289
7809
25377
30810
3560
5876
1519
28615
38274
15301
11684
7970
28895
25404
36530
25207
38635
12014
29660
27571
38664
35927
17774
34688
5110
21702
11659
2186
31398
5161
12298
22801
38609
21803
20095
13714
19376
927
6074
1917
15946
27115
10283
39841
38549
13211
34485
38660
36205
7958
3577
26363
6950
39283
38155
12833
23628
346
712
31252
37828
13726
6376
38605
9003
3440
18977
14848
20118
11803
9997
18420
3864
32119
15575
28191
11439
41340
30509
3831
9487
6992
31571
30107
27323
10617
15452
8812
3248
20836
23920
1795
28283
21121
25930
10825
9808
27924
2994
17418
11292
34904
37191
30718
5700
6818
16
40716
36396
41414
5510
40481
1886
24487
12531
21373
4057
20274
22953
24888
2989
39828
26738
2369
13047
6546
20718
35888
9145
26290
39528
36245
10943
1977
26580
22216
8564
13611
22276
2711
12787
7727
28872
25637
22523
5715
18411
35932
3369
461
17696
3008
31553
14080
26742
37406
24166
24856
1589
13609
12987
3791
31897
36299
29431
748
1266
28050
40304
34592
1146
1409
6344
20315
28680
25799
6157
21183
17092
34513
13043
29477
13495
27781
7320
6755
12651
3663
26597
36271
38386
23358
12677
25924
19506
25567
1533
12571
23171
18120
41049
8709
9107
35487
1930
9138
34210
14047
32255
37428
32858
28504
4214
2794
32499
7614
371
32838
32908
7766
36049
12688
8953
25112
39480
901
39387
15928
18441
7
11608
20320
4671
19329
37297
15999
2974
2578
9201
19728
15564
18322
17632
11221
415
16818
37150
15210
18998
24083
18709
10515
27022
8243
8912
19610
32953
32224
38770
14108
13018
31757
14098
32393
20807
11652
15273
542
13290
34285
7454
18833
40444
40497
20657
3910
27296
35993
25382
8977
3782
14631
23586
30916
12005
17691
1745
37571
11803
28078
7623
17908
33011
23325
30825
11513
21163
24291
2507
11427
3824
28644
6670
28565
24636
40486
26761
5704
10077
35921
13944
3018
5594
15733
5704
30526
32422
19138
39488
24017
176
11259
23430
33857
19806
15615
10608
32675
23625
37831
38970
31503
13535
24218
9192
29667
40660
37843
36242
21353
21564
4589
3845
15245
38788
30960
38479
30128
3437
37146
20295
163
12618
11532
25166
7137
6834
34042
5806
31676
18590
15311
32870
21305
32855
19943
33676
23343
17119
33317
13182
39935
11122
1742
35768
37543
7064
40045
971
13317
29042
9026
18231
11857
7994
3819
28774
15263
14484
13574
27313
7390
10977
40443
16155
32183
37986
13803
5841
12092
28859
12417
7817
21523
7989
40259
13233
24724
11753
35878
13849
10764
23149
16497
8342
28369
11436
2969
476
15
10745
11730
12013
34737
27048
39895
20071
39993
36860
38032
1086
22177
1149
32288
20765
35930
34473
4850
32890
2245
36967
29892
6396
11451
18025
4350
4865
36434
9243
27891
35063
8209
4831
4910
27295
8060
10811
14963
3507
20598
15291
33808
20650
1953
4038
14854
12873
16124
35104
15444
9230
12423
14258
40861
40678
28468
4734
32624
1899
28318
15804
26922
853
7929
27682
24287
16441
12688
36149
23612
33862
1412
26405
20002
18819
36356
10474
6086
28885
11400
40243
32028
40081
31962
29978
25750
14247
31414
18545
32941
23377
9250
625
37544
29991
24745
24245
19649
33773
26753
39830
25273
26876
38653
9556
26019
24127
9675
38339
25335
15459
32936
5923
35134
24901
27503
37228
6590
28450
26818
22547
12452
1167
24165
40847
11875
15056
41330
30829
31311
20122
2195
40403
16249
19855
12090
32929
11077
2207
5412
10479
29950
9396
35229
24922
6525
9759
35358
22517
33421
41396
37381
1567
27029
5205
40138
34690
17766
27525
18140
16653
26093
22484
39185
34811
1092
8037
1710
373
26829
37905
8451
16277
40013
19036
25905
20554
21955
28229
17016
27014
20711
27989
14868
28821
11798
32525
20786
31676
20219
2293
23441
28015
2853
14715
17272
15510
2921
2045
24834
148
28352
23127
30088
6338
18483
3811
34707
29423
22833
4373
9027
6562
39321
8976
39912
41020
12535
26985
26895
30831
24424
33904
24596
33518
10015
12502
1917
30248
542
34653
39319
23602
6978
6534
37690
40963
23562
18092
39440
31472
38342
39637
31229
8483
6334
36796
22648
36492
37923
37891
856
24585
14960
35250
21264
21273
1014
35272
14680
32750
39024
19619
7968
2065
27452
32632
9505
24460
33305
24170
36206
19891
39830
26830
39403
678
14814
36410
36295
24416
14715
36267
36463
6637
32912
39402
6674
11891
4911
136
31107
24808
36685
31161
36197
5255
19803
14286
4167
35430
31803
1084
1724
31180
27572
16608
2311
9124
26456
2666
18048
7325
37626
3224
26813
30445
16992
36920
3384
25425
7559
7418
11697
258
36481
32005
15376
37132
34173
39759
26598
23540
36719
26821
6341
2814
34265
1398
17490
14308
106
18163
27989
23517
31936
21784
3420
13904
10087
40714
26605
28485
36114
26865
30527
13504
40481
22170
10857
10201
16644
32884
35791
935
6812
577
23004
16387
2888
22069
9999
32980
29708
8648
9671
11322
40144
15483
21706
13966
778
693
32888
12284
496
28443
25385
20778
21052
17846
19193
40942
20797
37055
20830
36251
8665
8265
9243
16304
28755
35042
5685
39911
20576
28373
34578
37306
26490
39898
16715
32940
12391
19159
32552
24184
11330
15430
4533
30525
30097
3645
2326
39442
5748
18550
19656
143
15669
5425
13539
33302
6885
37177
25652
2491
7765
15428
4244
39550
34101
37646
5083
21748
13591
28408
24528
28907
26951
41182
34314
28973
35826
25705
11375
842
25796
18035
21814
5586
6870
25505
40974
9811
20439
27689
9676
36361
34111
24557
37906
14831
2177
36465
18831
22643
5122
5460
11952
29577
14114
24521
5213
4389
27336
21709
13691
25604
27136
31857
12525
20444
5377
9025
22186
28967
5894
3709
20225
31974
29496
16612
24607
7652
16841
3916
4826
21024
17295
33248
16593
2825
37802
36785
3985
6154
205
912
18486
6336
29132
32161
14784
24460
21207
2811
21845
19795
1510
26959
31832
3004
27514
30389
4993
13860
6924
35018
24384
22875
20294
475
11216
3537
32884
28350
848
27871
1555
37343
34766
9195
335
36030
36430
3554
2715
14659
37490
5515
2707
14726
3914
12831
30447
27344
13896
27192
22707
6519
6025
6812
36875
29534
28980
9895
12196
34451
8797
11196
41336
25593
14477
11440
14024
28066
12295
24157
18720
15520
5520
22035
7970
13497
14643
9191
39729
21715
36023
3654
2581
23711
35495
28785
27382
1643
17071
972
39670
11457
7707
13977
338
8840
39440
3121
4567
23106
25086
34669
14131
35383
13036
5417
36164
21583
7854
22872
13032
13060
32027
17060
25710
34272
25669
35996
40948
18952
2698
34254
7619
18721
6532
16047
32101
21599
38432
15151
12914
12849
25526
17288
28846
32327
34894
3220
35857
10418
37419
33482
15588
36119
25190
7210
1040
3981
24294
1491
36656
41003
20874
28872
27205
17912
23941
33469
35215
12743
20311
34661
34108
2329
28574
37725
39363
3597
30323
23371
39214
25493
15448
27799
29872
15635
18588
29124
6985
32750
32556
3939
20702
9909
1018
11840
2831
5876
22370
15168
5916
8511
16473
21925
22703
22759
3644
1922
10652
40378
31185
1569
39205
29146
4314
16664
15221
6093
30106
33621
8580
17709
15045
37580
9986
3190
34096
5491
31956
13842
8320
30967
37343
39055
179
29054
39290
38276
29689
33947
2621
16953
35745
38316
11591
36709
41265
7156
26883
15346
4815
29350
30309
24393
27423
19267
21322
10008
9677
34285
6194
9101
25877
21595
39675
41440
10424
11603
1075
6768
16707
16694
29309
38247
487
34220
9057
39427
39375
28952
27258
1884
22874
20946
18666
7650
62
6572
38500
13120
32169
17951
28706
21614
10742
37138
35556
15221
4129
40138
32532
32895
21491
38580
28279
22399
35357
27346
33243
30393
28267
30721
37103
38526
12890
39354
7971
30899
16544
11716
17430
11331
41158
17330
4123
20024
40192
7558
29565
7618
18921
17500
39873
3111
17961
37606
24608
28239
31969
36585
20213
40076
138
33054
39086
24982
14892
27671
18164
5570
18024
30078
22779
21166
5221
10606
23199
12977
7830
8772
39032
12465
6436
33542
9686
18651
12953
28456
12630
41125
224
21317
11304
24897
26617
27294
29476
16740
9967
37507
25451
31139
39076
5228
34038
38236
2155
8405
4168
18080
35448
31299
33539
32734
35278
34409
21559
16185
13800
3455
24390
21433
37614
40717
7016
12355
37239
10103
26708
33433
1261
18190
254
11703
11308
26958
24273
21843
22899
3336
23115
11305
439
21344
34878
10769
3676
2246
20471
30460
16571
9658
11396
14873
21465
25337
33372
38712
9658
16058
19705
20375
25289
14424
13180
171
16951
1270
32766
25698
1567
8356
29208
2441
39186
19920
21552
12962
40859
35566
27317
14675
6907
11577
24944
2859
11877
26715
14685
2115
1004
37986
23156
15215
3557
12027
32375
15941
20491
4776
15713
26735
29432
34491
7729
22842
27131
2454
6228
4822
40382
20655
40282
968
26846
12629
41122
3229
38076
4614
2089
9081
8005
40758
36324
25823
35583
9022
10935
33315
37910
19292
35641
25680
22099
12777
13594
33333
2134
39791
26424
13815
23951
20899
16730
35577
19300
31413
33510
20722
3519
16414
17340
6619
22264
29305
38993
37219
935
3464
27055
34825
9258
27942
19912
28674
4634
36465
18117
26397
40010
18718
35462
2288
38366
38275
15611
34864
32928
19463
25639
13556
15642
12817
5003
28516
25332
30977
7800
24825
15071
3509
12074
5517
19905
364
11898
6806
40105
11438
1269
12983
9284
2623
25709
27770
43
34732
34769
14386
2248
2020
36091
23817
3442
19523
415
3112
7298
40384
33062
27155
6444
41056
35755
935
30134
2012
3722
29309
7780
8176
14032
37115
33652
41198
18463
12007
40485
24658
41265
16293
25843
11202
19067
29050
18643
4437
5485
36354
41204
35075
5787
11586
3241
26323
3709
39830
34125
19039
2091
2986
25601
23704
23014
10954
33308
11501
3197
41299
18516
21603
39976
2680
5165
29957
40858
24733
26993
13730
6742
35033
22406
18648
35478
19143
20045
28767
35497
23035
26784
14231
1736
31986
457
32690
37022
23790
13025
13944
22709
9275
23849
28460
21117
17678
13447
11598
22128
26660
39061
18099
29926
34019
39802
27788
23400
25162
33849
14010
40902
40226
35739
144
1709
20058
30190
36797
24986
41491
15725
30754
12212
16613
16409
3728
30538
29435
5502
980
27643
15887
764
16391
3609
31316
10665
30521
33081
31166
38574
6406
32897
23823
20048
4225
26281
41422
10173
10419
22480
20053
37190
24240
40569
15480
35826
10237
4408
19625
1177
22021
35069
21108
16169
12534
40056
15830
18836
5941
30158
40932
6160
12341
4668
23866
17698
32878
22634
34040
12577
1286
24541
23863
38962
4047
14712
37510
25881
2152
29938
40574
9417
39187
22688
9458
19753
3627
6110
10720
15286
25504
18487
35205
22684
8640
8906
4850
26506
6184
20318
7499
1266
17828
3252
36576
40810
39399
40168
1380
22503
27936
33132
21234
18976
16184
8123
8577
27831
21011
34244
32480
15062
35537
4387
26568
2921
20419
17246
37397
35720
12265
23630
19093
31409
14212
19689
9452
7057
25373
25699
8791
20304
11079
28163
456
3241
5273
4909
25132
30444
571
33728
3890
37722
33030
34198
7489
30556
10183
35586
27802
33165
34717
433
37219
22258
18557
193
19599
11110
14426
1210
9317
5537
36043
18164
20712
29561
12797
34732
34601
18380
11458
23076
12474
13061
3514
27372
1230
35065
21987
22370
23425
28625
38125
35261
7315
12037
10041
29386
40547
30613
8147
10264
6885
2330
1981
27913
24782
27255
12743
36554
40461
1925
31178
25046
15908
34693
26278
3884
22962
27589
4722
16489
24056
7288
941
5331
18910
40796
6199
12830
9900
36353
40002
25860
31856
32079
30602
31285
36816
12089
31486
6967
24482
10956
4888
9213
22638
34492
36022
14429
36488
1363
14026
26478
41122
10565
21718
17674
14238
615
13781
24233
29984
12819
40607
25985
12223
30144
18381
26181
32759
39449
11654
8146
8311
9409
41296
35348
20710
30848
836
30354
524
39194
34196
1245
22194
5570
703
35242
3985
9329
33321
40818
5612
22664
33966
30972
4313
766
31785
16812
21615
35915
7020
7693
40971
34230
3121
36570
1678
1103
31964
17954
22747
5224
26084
27837
7171
28493
40766
23271
11969
24137
26066
24442
37549
5190
20966
26342
3415
5929
38864
925
23420
8896
34649
36553
20907
22147
24286
39345
35200
13405
37448
31745
3691
27815
7437
29198
24952
15004
25006
28330
11972
7554
25382
19067
11817
14499
6233
11766
19409
5089
6794
6711
15487
11247
20426
32006
12031
16997
41319
4537
33100
39144
39712
1945
20380
34262
36296
19635
40221
7916
29614
10471
33819
192
20273
11361
2759
38825
11119
27050
23569
15478
3301
21650
32130
12073
8645
40303
25134
31400
34719
35376
37964
16876
32048
12534
1144
40618
833
15631
33198
24418
11071
4645
32118
21492
615
33090
19211
6515
12758
11664
8763
11099
19669
26050
19810
22461
3400
5728
34826
1887
5324
30302
24837
24614
13854
34352
26337
28443
637
7142
30548
33430
16836
6434
14425
26665
36854
23629
31970
32140
17827
40106
14510
5381
3293
11220
28909
6856
17855
39832
12685
24715
10304
41385
20897
1462
38437
4946
26034
8330
13852
8208
6308
7994
34714
21607
13279
23877
13767
26786
25686
27957
11461
36961
19496
25683
14228
25770
14576
28197
23798
1975
20462
5269
37992
21971
36723
23933
1899
18145
6449
27305
17592
6993
35099
3532
39037
18243
11902
36427
16266
1113
5893
27393
15395
11717
35958
16833
2500
16500
37241
30038
19627
6607
20253
2360
24873
13472
32734
36168
39334
21199
7184
10659
40353
2811
18621
7904
12980
2736
26034
14802
34663
17959
22934
1171
37008
25684
31503
36652
686
14590
41179
32783
17242
14581
4350
697
24494
18548
39774
34482
29085
679
38955
13039
36974
32631
38860
18241
10513
15922
39728
16009
5167
30110
33301
32535
18893
31087
34709
19725
4734
13651
17773
1209
18312
7944
34460
24082
22847
25818
13992
5979
6911
9832
15479
28985
23642
10191
9855
8910
13810
1759
34358
15840
26377
31178
28219
19694
19762
10464
2812
38178
25883
1751
41163
19531
39728
23629
3373
38493
33264
5194
39117
12788
22925
8957
29289
40689
14349
4743
39243
29699
31171
646
24750
25894
7817
9722
11093
2520
17886
19472
7108
34796
23352
39995
16707
38350
23310
2669
21420
31203
32496
12748
8077
14771
3805
23253
28366
35130
3193
31908
5317
35330
30619
13450
21921
16319
18304
36531
25956
27742
31223
15096
5550
26982
4919
11382
37517
34304
25615
13970
30336
3161
21281
23404
11320
39613
24288
31081
3833
14587
14942
1940
29287
30517
4567
27073
24286
3475
21564
27911
40654
5845
3898
18058
4855
30734
27061
5935
40550
29075
34251
30487
37107
303
22245
29975
5431
952
27169
3183
34050
1177
12225
22740
35192
38820
27149
22136
24823
35282
32610
37419
27369
21825
23345
11544
19027
39812
40118
1904
29968
31410
35616
38400
25972
19433
38735
21138
38228
21262
1176
59
31087
21017
11575
36706
3392
30252
39288
7727
15433
4664
9286
19010
28905
36370
6880
2127
8785
34220
19173
28718
37404
33015
34200
40692
23242
34443
33133
12640
38117
14850
8541
31224
26780
29418
6338
31798
27098
18434
5538
2576
26713
35088
17688
25841
20418
5525
39758
13021
7613
29953
15898
2333
32385
28573
34628
20433
20354
30323
18286
269
16807
13099
33173
24362
16740
12959
29411
17363
37076
15877
18603
28355
19382
12988
16551
33775
23876
30706
6973
22141
40020
30667
36012
8079
22169
12609
38328
36389
27969
15546
13907
40613
23840
29285
33308
938
9686
76
35151
14181
30500
35910
5013
5821
40162
35805
4144
15087
15010
14206
1115
12480
24360
22255
19328
23978
25879
25596
28427
36068
12115
28377
19147
30280
36603
20627
27073
114
12033
9443
19355
7583
14598
18501
37383
2593
21552
2927
28480
26054
14770
39016
6503
26078
38699
16698
27533
33719
2122
19879
16636
37505
3416
15078
10070
24641
12244
35083
41330
39540
15418
32693
1150
26528
772
18817
7807
15404
1103
11174
31797
724
40720
34119
11132
12851
20128
2170
1309
15163
39633
4625
21947
25536
33447
3140
24800
36211
7881
41469
7895
30418
9678
12505
20633
20102
38868
20999
718
30223
5780
19182
22729
6850
11352
17321
18535
10086
12780
7800
37660
4930
7242
20850
7232
33279
18667
26092
30312
40312
26718
19962
9201
2905
31056
30143
39836
13102
5977
7668
1714
5480
20695
33842
5279
15389
26147
35227
39639
10515
35794
38172
23060
26615
35097
7966
27551
25902
40914
30138
366
32809
7251
16628
16322
4883
34190
40675
24158
3035
12208
5034
31822
3261
375
22596
28718
40014
40259
19949
18161
38855
35282
36516
35978
36093
13573
19294
10484
16906
40788
32717
31267
25297
18135
28414
20180
27677
775
5223
30215
15865
9157
9738
23467
13603
2563
21533
37068
39667
16778
642
17674
22704
7614
26487
18950
2935
10729
25821
1382
1080
3207
10235
14456
15213
24284
9913
33274
8456
3987
35823
28158
41451
26412
10239
13344
15087
19846
18649
4314
13471
10539
578
6484
5196
39506
15357
5866
10428
962
8910
27434
17337
8958
26381
5560
39160
14171
14994
28995
40741
26251
14076
1574
29090
3010
17556
827
25746
35986
3372
15305
40945
17043
17595
35330
5639
14619
35232
4918
12948
22700
520
13996
34075
38821
25022
7238
15064
11941
723
3001
5082
41207
18255
7664
36414
13482
30289
27473
39482
12649
33331
39328
16662
2737
35337
5713
24205
9343
30093
729
16569
37342
30373
8510
7516
9616
37371
8932
35971
35030
27666
27919
31468
31515
36979
1768
39434
2793
20477
15611
20360
34257
8673
22446
162
5096
14717
25613
9744
9649
20447
21981
30508
25912
3694
19276
4451
11242
4497
21554
17469
6167
33968
38853
29078
527
38862
25475
15508
31593
6485
31028
13149
23575
38861
27976
21274
5968
35516
39362
19646
27479
31745
11617
27003
35539
40865
17169
23371
21342
3249
35635
25782
16141
6240
31998
4410
1095
7134
31111
31332
20557
28097
15382
16720
18239
22806
22198
27047
29183
12491
23512
32550
25300
14804
2014
25011
1402
39308
7367
10772
11790
26996
10450
7140
9620
24821
24927
2694
24127
32061
41297
6862
38769
41159
12754
30821
31687
6491
23577
6583
30874
3908
36422
13784
6811
4660
20511
478
38672
28033
1519
33257
37833
362
1691
35282
2724
29250
2009
37835
35962
5905
190
30821
9501
21318
39005
21285
20159
37168
38052
36014
28954
15957
29235
39612
34875
2279
35529
12403
36446
22644
3211
36142
18814
10300
8794
5528
24235
31701
8239
36688
31535
20510
17299
32015
4311
15262
39537
6648
30851
20583
29470
7045
20831
35876
28440
13621
36213
33615
6969
8199
13608
27638
40978
4867
24016
23913
14251
41282
11058
13964
14166
34900
25286
38691
39598
11091
30659
21594
33180
33239
6557
17771
13085
14731
20935
30118
30647
33439
20188
3497
38872
35318
24804
15951
26108
5289
37147
14773
23888
34475
39608
10252
19223
30454
27974
23247
36190
8593
9216
22255
32923
27134
38560
8770
20589
37669
4245
27478
8936
31013
11187
1561
31181
8384
13766
7994
3358
11627
31529
34964
2354
2859
23526
38292
26009
30250
27894
17508
8855
2292
34408
10345
18954
40411
16669
21916
23720
32599
13793
16028
32666
18421
9518
36014
3369
18967
36394
28020
40710
21244
17059
32219
25982
2725
11629
223
22779
8579
38903
32668
32168
25405
1010
32194
13172
3909
20964
8376
421
17868
34234
3211
750
20191
19030
13982
32818
6417
22214
27229
2548
19554
12154
16494
12293
7069
213
16479
33126
38845
5607
12760
31008
8191
25315
29922
18943
31243
25330
6151
26586
13079
4440
10626
22408
11908
27013
29219
3844
13010
34172
26117
39949
64
18747
9838
36191
31577
4998
39446
19197
29029
35927
4606
39605
24984
17062
30914
3834
2888
4827
7118
36067
22538
8553
13636
38155
21843
6080
5118
36343
23997
21807
40277
26178
4180
27739
41407
85
39723
30118
6780
19137
26439
40225
39184
40533
5878
35350
38459
41399
9086
29595
18067
7749
19297
35833
9336
8325
9801
12442
30209
36836
22681
12841
21719
30277
28931
13687
6262
8330
39961
31268
10337
21763
3732
701
30549
34396
202
10007
18454
17477
36869
40313
14783
40215
37853
19268
1733
22255
11196
19980
9184
4482
37683
1632
38297
30106
30018
3215
347
38512
9723
41370
36722
27609
34911
34122
31079
3116
15428
10998
19199
14955
27773
20960
16795
28303
15927
7683
16926
4751
21614
19520
39620
22234
36024
11376
16585
30371
37465
25761
4269
16123
13517
36212
21710
20916
34362
37289
25816
17854
16452
36041
40386
28965
16752
1241
40174
31610
19713
26778
23496
4397
21215
32012
20961
37921
40947
23550
17404
23123
11579
5120
13415
40521
12063
32713
6653
12753
1729
26510
11914
24734
8776
18750
33149
15654
21557
5949
40472
4497
36872
8855
41066
1765
513
2671
431
34380
2291
19244
288
10509
41328
21558
19120
18629
28354
4059
21086
6670
22526
23264
33314
35249
5359
40329
25757
38196
9960
14778
14906
40120
12273
30105
31749
4284
20521
8778
36000
41086
32765
15951
8896
26049
37747
22828
14892
6708
11524
4948
20635
12182
16870
4673
18870
31716
32996
340
15637
20427
24517
11754
28363
35485
9643
38712
30969
13926
15
32554
9588
9246
13014
8388
37456
29056
1059
8646
15792
5272
19616
29329
17283
6881
5264
11836
35119
41435
23045
5018
20273
2275
7608
41391
14079
19609
37689
29338
26534
18613
416
17586
21628
6879
25248
22143
11822
37667
12019
21411
40677
17714
18935
956
24424
22158
25165
31257
31703
6426
34129
4810
5294
18982
32266
3136
29765
9560
40216
22749
12275
40975
29039
33871
10813
27324
40168
10192
23912
21400
30434
16976
28253
27655
37980
36336
20453
22252
2724
37804
26993
10796
35201
1070
9074
10937
27158
36489
33131
4022
12983
30869
16775
17734
5580
7127
1523
786
33579
20392
7804
35217
23329
33172
35644
30648
38786
26340
25932
16144
3210
23687
4810
24260
32500
883
19379
22137
1569
10528
13658
27240
28305
2014
35733
20178
746
38940
16207
11504
25524
27785
11657
15526
34156
33956
2206
16101
18832
32078
2790
26431
23058
21148
28300
11996
28524
5304
40659
4687
35157
35312
19100
15033
27686
9829
34869
33330
23700
9263
31862
7422
3654
30709
27226
34903
12419
17486
22384
974
3955
39943
17918
13934
18202
38720
41203
9050
1106
28837
34281
18331
24013
567
32278
25916
39009
3200
18436
27790
16157
7934
14340
15208
24536
29210
18975
39082
10114
40158
21739
4394
1891
23777
11162
8713
6018
22861
9813
22632
13021
15110
5278
37616
18647
99
13722
12991
30232
24269
1004
5636
15445
29365
29241
2927
14566
1465
14920
22481
8479
9949
23651
38679
41028
16248
12530
2204
9965
35058
39092
11429
25976
22661
8362
848
16910
17566
9963
36979
31077
31984
30205
24420
5245
41323
16298
40749
32554
23959
22975
14660
16128
12935
11000
33724
40479
11081
9696
19324
38465
37599
41091
34986
40498
40262
3458
39013
14922
2331
4749
11127
40212
13534
16034
29439
39072
38576
15748
2363
1126
1601
11708
37564
40122
21287
40656
23525
10753
26281
34559
28173
13485
28930
34008
10790
30767
7636
18081
484
22736
20589
29047
22986
16450
2400
33050
14017
7133
39417
38242
11407
24449
23682
39606
13719
36389
27020
30467
4211
15269
5525
21335
29530
7769
11609
1913
18258
8749
26343
34606
32898
22552
14390
14144
20610
3261
17180
29426
27964
5176
22464
21124
17711
14003
5749
40232
1199
33129
2546
9383
39593
34028
20403
19275
17303
39273
27744
23527
5549
18569
20795
36654
18576
11398
25683
7327
2219
16720
5892
34498
11022
28892
26828
2678
4355
24067
28533
26913
18093
18342
14435
14037
40037
33512
21840
10543
16069
37177
5695
4665
19215
30994
12865
16139
10838
31439
591
17841
5333
16552
20725
8290
37249
619
6621
16804
19322
20002
17004
2327
25394
33141
20618
39207
39917
14510
18569
9303
21365
19875
35439
37937
13741
7367
35174
6085
9429
37713
31753
19692
6681
34165
34361
31061
9642
29602
19389
38429
7842
41294
9460
35046
34633
24574
20528
19899
26930
37147
17221
21497
9531
671
17923
20334
30571
14906
9648
41378
32016
11306
9251
10127
19447
37624
12668
23994
23453
10446
15622
25516
24895
32791
11268
15349
14579
21076
36451
28447
3068
16666
15235
31245
26916
33114
26040
28798
5188
5765
37170
6800
15849
20406
4220
11304
22928
34564
25869
9311
4430
10638
30419
33724
33242
37546
33821
17608
606
12450
40489
30084
38692
24366
26436
14050
24685
21894
878
108
21825
5950
23906
24779
35975
16495
41022
41432
32072
4427
5635
12758
2512
3468
4848
27645
19722
1285
20358
16419
13157
30622
30971
24610
2764
38009
20219
26583
25144
3295
33789
7846
33248
21151
21701
21515
40468
33531
26936
34600
33972
3212
12835
18111
9976
10662
39105
349
10492
5181
16573
9599
25876
4178
4854
29791
26262
22573
10286
4494
24691
16421
32133
4723
3300
11965
8852
39518
11537
31802
20830
16993
31560
31614
2374
20307
38764
14271
22393
31684
5713
401
17491
29381
24864
25327
5701
9248
13566
7951
2667
39974
21804
21797
20339
10105
7720
26993
6747
34340
19936
33318
5754
34662
14807
10694
8283
3042
30759
30535
7505
19805
11956
21860
25492
6596
17433
17183
13231
1903
40594
14242
12857
38752
37065
3746
26992
8395
8730
38833
8249
21874
3051
35392
23856
17800
3662
3167
10239
13319
34619
3005
5023
14975
11327
33901
21643
19553
6386
35
40994
12922
28134
35890
660
31599
23418
31435
9720
14680
34684
35343
37504
31365
16949
33937
1619
40834
23085
30779
33410
15093
7678
4769
32239
870
37815
33658
14561
20290
27200
30953
9696
25613
26811
26958
952
38808
38497
29380
19112
24399
39612
15568
25442
19702
14528
30348
10868
9769
15904
39370
20468
21923
898
15275
16136
24249
14002
5793
29374
25767
40837
2941
19334
28297
11378
36671
19911
22934
22973
10410
26429
7447
6698
37673
22435
8788
13251
17168
16151
1840
12765
30993
3903
16324
35458
27745
35164
36362
10116
18052
11285
3136
16112
9984
24847
2545
36794
31756
21030
39275
8700
2003
26857
20813
7695
37647
1034
5531
22699
41128
24774
12692
33827
11227
40186
11077
1579
39761
37267
3422
8357
29599
33089
19866
17328
18340
12799
33011
9608
35623
37533
16423
22417
20251
6298
39580
2464
41390
18088
9181
14150
34106
5763
3810
7294
36273
12783
20734
30333
25965
36405
11429
25750
40070
31458
13415
17733
37977
31964
39358
29395
19710
28261
3822
19233
21530
5341
39933
36314
2987
12
15435
3951
36084
13513
19535
1025
29610
21208
19188
5990
733
34990
39585
1339
10161
19979
6243
36502
3787
9476
35309
26253
26641
31090
26494
22665
13403
24090
6996
1110
26287
13735
22225
27900
21557
32810
25785
10292
26643
7768
39707
25648
32926
28488
13859
15423
16687
29009
8190
33508
16277
27654
708
19195
21792
36218
26242
26025
32874
30935
25492
33045
26214
30503
33883
29713
12159
3122
8217
33489
7720
8232
36609
6740
18043
30792
7286
12358
9862
2520
1450
12469
26518
34670
15065
18915
28947
16965
7594
29722
36557
10481
16572
33556
27442
14001
606
40803
14847
24670
38526
5896
25110
3967
31792
1133
1782
13965
440
2567
26855
11275
24609
26196
7884
13354
30613
8729
23729
820
26395
649
37318
10490
18056
23206
40430
1959
20361
40832
41049
36832
18081
2736
7588
5436
2409
37826
10353
1192
40822
17207
24432
41119
30134
39342
10723
24939
19950
27045
36310
17673
21815
33642
37548
28947
31510
10323
39942
10739
15270
39829
36741
7995
40915
8773
14313
27108
33298
38842
14396
39223
6828
4813
3645
9319
7534
21126
12694
30238
28318
38745
33964
23906
5967
11641
9604
26186
17554
26020
7381
5544
5348
39253
23307
3981
33157
24739
14739
25285
7650
7711
29842
20784
21791
34410
30789
10410
31767
37896
32713
23012
33591
3861
19273
15478
4857
12868
40921
4484
19477
36170
35680
10623
30245
787
3671
34365
30093
26146
23839
28540
22280
35165
29112
15522
9718
14031
12762
21908
8359
30242
16766
36258
17903
28797
39156
34682
11009
15186
5518
22279
4752
41149
39610
29292
1268
24218
5156
11992
19054
8165
8367
25250
6133
14823
73
4704
32108
19288
11428
2367
4595
35787
22199
17438
18071
37597
5986
23494
12505
5643
26761
17716
15274
7856
1881
7986
36590
21660
35897
5505
35995
24268
25566
14518
36251
38800
28188
31648
38636
3025
25186
26281
4215
15893
27483
11399
3406
29583
38779
9308
14618
38598
18173
19834
15423
20902
10361
2700
23407
24462
35998
24966
37515
33408
17096
4867
9032
734
28209
15360
14035
33688
39283
22473
34529
30993
23777
17699
15339
29314
74
16687
22350
41482
35035
5415
25113
24124
23742
26681
26824
2473
36984
39790
2729
32671
13972
13942
30803
23429
30720
7912
6567
37507
1978
25776
17735
2514
12135
38068
6741
36221
27779
35132
36395
11009
21245
16347
33710
39572
37353
1470
33430
40978
7731
7903
27596
6184
21056
27078
4188
31537
13907
14914
35140
33621
20636
23894
2503
28842
9376
10768
5887
34644
35012
36068
4921
31525
30653
11085
30738
28447
6336
37013
38649
10050
36021
16960
3999
40398
5128
968
26992
38656
35719
39365
8251
14305
28334
15301
17682
12382
13445
13287
32309
712
22311
26605
36668
5695
6961
30817
28951
10254
22947
21047
40778
4954
23802
17345
18810
40213
8667
2082
21489
28830
31132
31273
40465
27981
10703
30406
2769
19200
26732
27477
19694
11736
35774
28678
41111
7095
36742
26973
31246
18931
39675
30596
39857
15286
22642
1129
12079
13855
37114
27069
156
13
23383
14769
4105
36686
3214
18945
22294
19449
32770
22712
33194
25685
15998
3317
37098
708
32600
13512
35693
24906
17407
38492
11103
20468
3642
30516
19360
31041
22219
10723
32759
2283
13740
34057
30930
13618
9116
8197
30037
9816
1033
24568
6425
34268
34355
69
5802
26649
31607
19543
25995
28244
27082
14523
14656
16321
35372
35907
2355
21240
37524
33458
23035
22656
25787
16755
31889
14595
27590
2175
7489
14350
27005
32810
5571
36443
41109
18645
41000
17335
6606
23623
39013
10351
38861
1084
26717
31058
35026
31250
20024
32250
16228
28220
28463
19652
3461
18696
10604
27637
19818
22028
40018
6758
7418
3185
20747
19600
31374
7557
29305
18888
16540
24336
16526
19088
34765
22337
1280
25382
1126
5939
21814
12009
17261
7273
12577
33445
24330
16948
34064
49
15984
19937
8323
19345
25150
32508
38083
37714
9122
24046
139
31634
36990
25212
21795
17534
11086
13646
32572
8924
23451
10098
11179
23419
12358
14495
36844
7324
831
5026
3381
15946
2300
30240
3516
5402
24132
32725
36473
28151
40349
20763
8401
15860
26292
18494
1323
29400
663
1442
4725
4268
25347
39371
10744
24766
23664
20041
12159
8898
8496
23079
18006
8715
16152
14497
3685
26079
40157
38531
23387
15764
1633
29273
31304
30429
17775
30875
28347
10981
39484
786
7794
22299
21084
37044
8395
29140
17503
18431
23155
17756
14662
5875
7315
23684
28147
8574
37442
4519
35060
36264
6919
19524
24365
32168
38785
15413
23246
21178
12802
28364
6893
5306
25008
23131
26863
11910
18568
2523
1620
23808
9805
36008
698
6575
36406
11738
32585
2569
16422
23172
35938
30100
22182
38285
40090
3156
14759
9465
9419
40750
28173
33854
5661
7815
12887
6765
21631
14971
31757
23975
16252
3256
4118
17267
957
28937
38125
25500
10348
2340
41361
27818
4022
23665
37740
7316
823
39415
29583
13411
11991
17264
19085
31549
23094
2196
109
21920
16861
2775
9510
15464
30804
30116
23863
19935
14631
18612
12349
35307
37252
13357
12836
4561
22151
23644
14018
37773
21764
2326
32628
11403
9525
6201
32699
10971
13666
34993
38471
12958
17235
33126
38874
30731
9942
5064
36652
4838
9175
30935
40338
18247
35647
24193
28430
21249
17541
9312
16593
4781
27179
3417
37653
20780
1846
24968
4302
9073
37629
20372
26204
38656
40245
29293
5614
5430
41255
35115
19847
32741
16627
13329
29782
1340
19829
10968
35171
29014
4947
32143
40715
38169
13562
13542
13807
19681
34809
1467
20765
20024
3227
1544
4423
22594
34098
6135
11952
37377
23476
24711
13893
25786
11260
40723
25003
29898
38513
30275
34898
35431
4616
5316
35660
22567
34093
5320
32217
11419
35827
23246
14357
14181
30402
25747
10563
7089
13095
9248
36244
17675
33459
39042
11907
15627
38946
20953
14234
30045
3970
10396
4890
29930
18665
2576
1206
4146
27334
7469
3709
4058
21696
16715
41354
37201
5218
25079
15350
11922
10693
30541
21945
12751
7734
5137
12265
28952
842
31211
3328
3766
20917
29547
14167
39642
7687
5185
6515
10752
586
29738
5404
11748
8723
12832
6890
24178
8077
30002
17242
25501
6466
10414
29101
29757
31811
35845
15531
36948
9276
32354
33171
19052
27990
4227
15976
30501
29490
40540
1725
9454
23417
34384
15855
29407
23100
19999
8737
22415
22445
13859
32938
27595
25446
20488
36572
32244
13174
33765
8839
11966
40326
33543
1725
14485
38652
27744
21212
28686
19769
21627
12408
33278
33159
21753
26054
20376
40066
25663
34911
9805
7175
12716
9711
924
21218
22348
11165
6781
2345
34828
14884
17208
7609
4174
4576
12994
8919
38952
34554
40197
23795
24996
34786
21092
8188
24382
4785
29450
10629
11498
20964
18155
6992
31033
26791
33158
11496
11984
18212
7539
6565
26030
30272
19767
14500
15309
12849
11187
25111
3594
23200
11999
39777
10585
40984
34131
15998
7703
31525
32172
34233
20298
9844
22185
22506
38436
26907
3425
18875
7950
18336
19891
29566
39528
35064
8389
15210
3037
10738
29177
32690
40880
29856
15802
12425
5095
7870
5188
8677
13862
7919
986
34684
32675
19508
21323
8323
34670
26381
12257
31099
11672
39746
32364
21473
16968
35882
15265
26718
29301
36000
4275
40755
2105
26143
11415
37196
5111
5391
3514
36085
6717
38658
29912
21099
7360
28288
37826
41251
14023
10870
3625
36192
8792
23063
13927
40099
3693
17057
38945
28226
3723
25123
16379
7949
21497
174
17948
508
18403
35085
8427
10659
12883
7268
6505
9603
11406
13583
5537
25915
9097
37785
4958
19390
8301
3380
18102
40833
24150
31283
26615
6957
9764
23055
36761
21346
28834
11474
28457
30177
16555
8197
13367
18419
10074
22469
32444
9474
16384
36671
25416
27407
21821
8152
3349
4844
11222
40663
38654
8644
5563
1453
35825
20508
25112
11543
1850
31278
36214
23922
28071
28985
31349
40967
16389
26095
18880
22583
23402
31294
5594
25871
26302
32218
3943
6720
15580
18006
23901
18804
19754
24919
41280
26134
39371
40724
24617
22449
23384
23633
16350
32860
35798
4391
28328
33988
17843
27817
26950
6284
30
23045
3248
28785
26291
16610
26468
38412
26134
3711
39968
25639
27548
23285
26433
26380
33688
2360
6496
4978
2515
36517
10580
24532
975
14319
126
25254
27871
15184
15971
19411
20490
3317
10009
2874
18298
14468
9431
28870
3236
1331
26990
16232
24235
35565
31123
16846
9238
24479
16988
3752
25062
27029
34556
15122
37674
4093
37304
3401
11315
34395
34079
12193
7655
23240
20013
36528
6379
9007
25300
6573
5568
41285
3057
18254
17752
18535
26220
31583
40712
27737
34894
20539
37955
32742
8696
22216
9415
36398
20330
18198
37364
25462
17674
6715
34493
22824
335
3059
34672
8129
36486
679
19400
15575
12102
22043
25292
15040
3720
37755
28765
23397
17353
36794
6988
20820
23010
38967
39233
12366
38480
25642
17517
1789
26237
22389
29318
19954
18941
31649
28940
17365
4191
26883
40148
24806
31709
5768
27171
16228
22449
28095
30295
35832
10481
37887
25635
12425
32319
30816
37127
21449
15517
34991
5127
6028
31518
9464
2331
16197
13446
13682
17639
11057
31918
7519
8763
34
19604
25358
24407
4542
34362
2565
24773
38575
11810
28994
24704
12603
27403
24037
10190
794
31507
27386
4208
25774
16989
3314
17088
27282
34525
16438
5966
37762
12816
7442
22287
10786
36814
11631
37282
25321
38275
15824
3592
33034
165
21852
5872
20057
33843
4952
711
32403
13348
39908
35290
21949
29284
34264
25337
20834
6193
38470
35855
28391
34283
22884
38289
13611
22262
22077
26324
26032
17180
27987
9993
17928
19748
7880
19745
26989
10740
39637
25629
18272
27032
22256
19133
27083
4560
6390
25408
3383
31693
25418
7769
34108
6008
12905
24476
4113
28167
24392
27748
5858
34691
38655
6431
8228
23888
20107
32424
8025
39774
19483
2768
38210
38753
16171
14355
7937
13098
27814
23955
3149
27578
30370
28778
20514
21467
35818
15385
13820
31198
18840
13534
23697
16636
8610
6276
25884
17668
25651
30598
35028
6390
31455
39283
22789
36456
1174
14401
36573
14264
32523
27749
3778
35016
22922
12496
18194
21995
35340
23831
21360
11774
7912
10356
23672
7394
17880
11706
28143
13265
32640
34130
12888
37165
6520
5983
38614
22612
1022
37447
22554
39033
31788
16635
7702
24175
8017
12218
13155
14478
27359
39581
21781
8463
7824
31266
35312
30175
36945
36593
27815
16450
36782
23447
18856
19519
31236
1686
38264
9594
9815
13229
21301
23988
39257
33995
28571
35650
22463
30999
41031
21228
39863
10744
15877
25664
8860
37629
24260
27184
15256
23281
35236
26590
23848
28657
37488
15832
5982
26219
2586
2943
8851
27690
27511
25828
9862
35243
5382
25018
17513
26167
6673
16051
36564
2509
31825
7960
40084
6712
5837
16209
26921
29256
32799
36277
31669
324
36940
13596
33275
25904
12599
9084
15303
11968
38454
18959
31020
13820
25886
16343
37532
15609
15827
24595
30038
1340
20971
27519
26648
16529
18780
22854
16025
25410
41293
9124
14715
40224
8402
4370
21711
14370
5866
15382
38090
27453
18274
3263
32955
14284
35375
9458
33867
21963
2388
22309
31390
26425
26475
23235
10508
25473
39523
10728
30907
6643
1701
10605
9367
22470
4598
16404
25484
20078
8068
15758
33474
20657
19769
27846
36922
587
2150
31095
22035
19211
25158
27798
14860
41044
32839
41304
23922
28085
21041
4781
34617
35077
7247
14680
16554
39565
9830
32944
31228
25466
27937
8904
10928
28632
4797
38912
7771
15412
17645
22591
13613
3831
35879
37028
40351
16930
20098
1423
4203
13652
27325
9046
32605
30266
14615
10385
36875
19081
22354
8437
38208
8109
37668
8797
17713
29190
7719
28306
4610
26333
11353
11346
2511
26885
10899
14012
28674
28302
32203
27064
19227
4987
20305
8161
28057
1115
33395
4309
18096
37282
34319
6174
1413
10208
19372
2730
35523
3551
10186
29411
15741
34570
653
36351
6359
10933
11378
1858
9439
34767
6972
1019
10817
21541
31184
22795
19910
15366
40760
14657
4766
30157
24186
14145
9948
28201
26787
10541
31194
1573
15334
13876
26399
5330
36313
10901
6856
21520
14449
33419
20052
36825
34966
36366
15961
3102
19024
33967
30396
11090
22870
25641
21113
39780
31546
3988
29784
6500
13715
40367
402
30319
8832
10270
6741
29475
3218
37076
31160
29451
15642
21354
32436
17390
11273
26407
11483
14491
498
738
7705
4871
13603
32835
17004
26839
6057
39606
31680
12710
41269
9629
24358
20838
9613
11494
9206
30931
6683
16659
30823
2668
920
13984
14826
24350
5766
27677
19811
35040
22552
30145
19799
19605
9909
35832
15733
25495
8764
13325
30592
5104
36882
34721
32632
24476
3296
14373
34771
31084
12428
33095
30292
8259
17122
40293
18001
1915
8653
19063
34723
3592
34168
4718
18217
26506
19064
8760
1943
38004
36566
1525
16234
41289
4244
41144
32504
28208
9994
1251
37462
25166
17184
30779
40265
10959
12937
22202
37249
14863
37107
10938
37401
33283
10117
21820
24999
38757
32027
33508
10601
39568
38695
8820
10509
32
28929
9269
25764