21531
39395
27307
24597
3974
24961
9140
14160
12631
16020
38502
40523
39909
31235
13444
17908
35629
32601
18658
9186
11967
27574
26128
20206
36933
14995
19406
3499
27219
29517
34623
13758
27715
18490
26876
18496
18751
12995
12825
17371
34946
23619
3109
36861
2056
18003
40591
16798
18344
11332
11936
3356
39787
16766
38188
25661
37862
13627
19048
5757
16112
20424
38932
10317
1615
28052
9537
34862
5628
37880
18214
4189
31902
25508
31139
20100
36884
7963
31932
8101
24526
35580
13575
20976
17988
24393
9894
31095
34378
16865
4145
22442
26604
583
9614
1712
14792
31697
3166
19012
643
4561
31648
15940
37151
203
19791
2743
40724
39558
8116
19047
6432
777
36246
19005
30877
13345
28032
29768
7901
36998
37530
35003
40304
12274
29394
1128
9176
6414
33726
23155
40387
30172
5412
39379
2242
25303
24389
14440
18578
4871
27958
14221
12830
32502
31962
17745
22183
893
27646
35688
15641
3349
41288
31150
33701
20461
3381
32432
29048
17114
37923
17949
28341
26930
29750
19291
27444
26168
3477
4698
39734
36137
18938
5751
32482
36089
15595
27185
31601
23764
40295
21811
37959
37300
4492
18324
6313
28321
12259
39217
14667
2086
17322
18607
18705
33084
31946
37217
5590
36864
36815
16991
16611
8835
21316
3660
6429
29459
5982
12087
15704
20735
282
24939
40580
19567
24106
29129
7848
8248
28794
4239
12847
1720
3025
8658
39900
21009
38468
8621
9684
8718
40691
7718
28192
8364
24921
22
36960
32224
16948
2764
20252
6829
15437
4726
36594
13829
3592
24824
24462
4226
1866
39118
27230
4888
3413
40435
31134
40477
28303
30843
22856
37044
12611
12684
20732
29309
18099
26842
31402
21968
8701
32447
37209
7569
23638
34543
24085
796
28251
9828
11796
17910
38569
9949
35945
17154
16545
34153
32145
32911
33760
16931
17237
20938
40344
40191
14620
13888
20126
23551
25870
7814
5811
41454
26526
28783
26734
31343
21720
14042
37107
21995
18696
6468
24919
2712
8266
16245
24890
8834
32260
3651
13159
12707
773
18736
14433
15690
33869
34836
11589
30821
4806
22287
21408
10488
6891
28050
22337
24237
4953
32182
26416
35940
30725
35791
18753
25418
35077
26451
40070
21248
2315
23730
15045
21760
10739
35648
9777
9748
22029
28470
30777
7320
9462
16687
37769
13781
28351
37820
7310
14028
17506
37370
2264
33162
29993
34599
35456
3993
17319
12690
22068
40579
15963
36790
2002
31059
39238
24553
10991
14605
14554
23389
29198
33157
16117
3770
30281
15345
13129
27489
23793
33699
38812
9622
41321
38167
21034
10347
36336
19596
34275
28028
40080
16315
8666
2666
20044
27931
303
34385
31888
5761
7349
11068
26634
34912
4978
20090
14043
31047
17422
20422
21862
7491
36157
29932
6809
39829
35331
9271
38082
27369
11148
28567
18539
35810
6494
35923
17451
27730
34904
21500
3120
4965
9249
32308
6375
21544
3912
3505
23300
12829
8197
20000
19015
32528
31627
31793
26889
751
4376
13188
14786
6630
39191
3440
33335
29325
18353
14193
9602
12625
29055
12034
5194
30671
39305
18444
30771
10
16461
378
10096
11605
11188
24075
2466
36058
37823
7623
35052
32294
6411
26785
30850
39330
40761
34166
14740
12646
32519
20327
3199
40768
2427
22720
20295
24627
24405
32904
25079
4017
27707
40759
10695
10020
17570
21305
20727
27437
16722
18639
6626
34733
10046
29756
6196
24773
6737
11781
10888
18495
29363
29181
1268
13333
38185
29582
15723
34056
32489
25676
18878
5863
30336
4781
18555
9571
32900
7991
6227
12397
14469
30329
4767
35931
7793
7833
32311
9139
36740
417
41004
18443
15280
22846
21233
686
24375
38397
2435
11870
12558
39656
23319
36327
17691
34882
23227
21741
28440
24019
35117
6352
11889
12493
37335
28821
25335
13111
29783
13765
3263
39784
21054
34674
31647
24194
17724
2110
28740
38994
24141
37714
33927
5188
3489
2684
17702
18581
3634
32122
29487
7481
1552
19230
17548
27734
15976
7716
27994
40779
36715
4958
2781
31813
35363
23321
31444
32423
32298
1701
14664
20335
24477
40021
4163
4832
436
3283
30450
29578
4525
40492
34041
5550
32061
36788
15988
23225
36263
17419
18735
29154
8288
25021
35765
21574
31410
16075
37415
29318
2499
36009
40958
10258
106
34618
7601
32957
30784
6297
14445
27772
9007
22339
14972
18130
20131
40215
4398
37647
38756
19605
30223
29890
24212
40704
2626
7651
5108
25037
21038
21398
8368
26432
37170
15951
7966
21273
38168
14083
22254
3048
10869
1461
28401
14358
21973
30687
23600
33849
20472
6534
21017
11304
14461
3143
33690
8663
21522
21937
40467
580
9166
19157
39849
37839
22089
23070
18241
10202
2550
4867
37247
23329
22285
26651
23949
30793
23147
13034
1723
22092
12535
2354
38335
25921
4139
6862
18303
3478
12125
14460
34547
22016
12181
15500
24631
25608
38784
7578
37822
37834
9695
26702
38010
18315
2424
31201
12636
8638
23128
3943
22294
22266
13638
7196
22065
14158
2420
31376
23825
28126
28240
1997
15969
12399
6969
16464
3454
22593
37861
31655
32249
33766
28132
4075
36512
33964
4730
17538
25364
28022
18649
28489
27799
20912
6480
33496
3873
15017
31110
25849
40158
3242
3443
25959
14087
18100
13718
23604
4552
32857
14700
38624
4000
4841
24570
6001
4734
8178
10240
32220
11287
25404
26515
35387
7458
13887
8905
29155
22457
26489
19587
18051
5861
39466
10493
41077
14607
26165
34648
16157
23126
20456
30028
18290
21242
31042
17153
35622
14986
32815
21825
28433
705
16532
36598
29664
13760
16004
18037
34970
8813
28865
18211
23583
27101
35134
550
9638
35268
30040
19367
28970
6917
16139
22681
4936
2959
23430
13798
2949
2879
41212
21098
28932
26566
4951
38533
19427
19217
25242
38338
19346
9222
17677
25561
30992
40522
21673
14769
29369
8966
514
1280
39793
9934
32180
24139
20807
4307
19361
29235
27900
25613
14648
485
33595
7841
3729
17359
5901
38395
18064
39985
9078
41010
22876
34051
3430
16515
13323
12808
27647
9885
31269
18258
30948
19254
16604
31950
39326
16491
30915
3187
2752
881
37246
25812
31004
17215
28568
21802
30969
26035
51
31209
17455
33474
13108
25257
38354
29641
28664
30007
36976
15869
13065
39444
1261
2878
23906
1094
24574
16868
13374
20748
25716
20802
3203
37150
5216
16432
39231
37782
31302
1653
35788
740
12767
4761
4685
6110
34148
14719
14931
22725
24023
20132
27756
16617
39881
40515
29505
25616
9239
40222
29378
9443
32189
23456
4578
32250
1993
34797
6142
25368
36248
22519
26292
34533
23965
28081
22790
10003
31143
2148
20057
29078
1419
33780
18899
39
12224
1350
5476
4729
34596
40637
40345
9411
4985
36392
15514
7594
39636
14350
15323
4887
26266
3074
15149
27600
25750
24219
27034
16077
19971
20373
14176
1605
8690
1237
18199
32377
28029
8390
18758
28860
31242
31743
22498
16923
30669
4785
15115
18896
5673
29262
24659
17718
28930
27786
24255
21241
26689
23620
20135
33768
2005
19407
14957
38697
4107
39550
10722
3123
29046
911
1640
2021
7533
35760
20036
23146
39789
34471
12080
5779
19235
17992
25007
34779
16266
718
8296
6434
22435
8895
13677
16269
37469
4911
2561
9413
21459
36175
121
28756
26271
35093
40278
34336
40619
17230
5555
27524
13700
7916
12053
32688
22444
15821
11757
25203
3565
38627
14647
34871
20712
9052
17552
18362
12850
14258
30519
9124
38587
21396
29753
12381
32272
9653
21551
12386
24238
29868
4718
8875
29961
37848
32521
35744
18805
7603
25871
37467
3556
20071
10518
31372
20710
9223
34508
26535
27913
33903
26309
2063
21733
30174
24391
40488
37379
10099
21897
22976
39563
24357
22265
6921
17837
20539
4850
25800
16801
30475
304
989
1547
22172
7079
30868
2814
35780
3614
26957
23546
35699
6803
23811
12193
37271
4924
11697
20394
4712
20211
26487
37812
36971
20388
30383
1624
16459
40268
22038
28250
39712
689
10108
35802
22819
2286
41096
18269
30963
25
39510
36415
8008
26732
14703
22321
39687
25968
25102
2824
3887
30125
33821
4925
33197
17540
28365
27725
25582
28843
26338
8111
33511
4123
28991
12488
7765
23038
33854
3485
19688
28291
29222
41287
15096
37473
25373
28265
19723
34350
1844
4494
9448
7253
21014
35934
12490
4391
31602
6707
18914
9054
3716
14374
11006
39163
25139
14820
16431
18152
9747
7980
8918
32799
13338
8643
10386
25631
4363
27000
37745
15438
24583
17845
14230
11249
13137
33322
35163
20622
26733
12477
29978
21418
17155
879
13047
13847
23990
9221
8062
21945
19094
4857
23169
37193
10455
7920
4889
25543
12628
10556
25555
25803
31510
25911
10603
18531
11920
22179
11392
29189
13976
16013
12029
20941
3201
13576
10454
10117
27642
947
41058
38417
26254
3918
34780
13039
24086
34668
5851
558
21133
1142
19939
15962
28540
3308
14031
19117
12254
14302
37720
38774
25630
28968
27337
11409
3949
39697
22460
1188
20175
37306
22314
17579
4384
35145
2576
25851
8189
31240
792
29107
27933
19072
7792
9177
21905
23235
1708
22614
27415
22091
32708
33479
40065
35328
2193
10540
33844
7086
37613
39308
2772
19947
13873
17609
32063
27999
21922
36310
6960
9090
25903
13997
30958
30551
1401
18629
37498
13207
12651
607
13055
5109
5382
38510
33470
17181
6797
2861
18944
35820
9688
28491
37181
18792
16713
29634
19507
22246
3330
16060
8754
14394
20420
11448
39368
12305
6440
11688
22727
30834
26625
18695
7060
19161
10323
26594
7141
36340
14204
21813
14489
37027
22369
6376
1793
4628
35874
34149
40965
34299
28452
10497
22126
37870
39913
37914
19985
22989
22535
20670
26486
11168
27418
23621
39172
10011
18132
31323
37964
33886
6789
34889
14273
1386
35154
4195
40478
1544
21964
20775
37607
26455
756
21732
20239
17379
16239
38085
2538
11269
27851
19354
26059
22348
25817
28013
24495
7438
636
1356
36331
345
13556
4466
15360
21387
7943
37734
36084
37324
21645
27939
28903
23972
41347
1623
24301
28953
11335
5252
24356
37169
18567
28914
10396
20150
29926
198
133
26539
26232
38512
28485
39899
41373
11264
18984
14569
26875
40174
18598
8763
3548
38330
26429
29333
18648
31570
11442
6422
6590
495
196
41243
6688
20719
18494
24503
19303
27784
1295
6011
17458
7263
24732
28136
9731
27467
41491
12055
30762
16202
25286
35542
6021
11835
21784
20943
2134
16583
1805
31807
20610
18686
5776
35488
37781
26108
3514
7870
25840
22484
40996
6895
32853
29887
15342
35223
37564
34529
20858
32166
19764
5575
1271
37342
9470
4702
33489
946
27396
28249
11298
28591
33978
32961
12126
32237
30833
31761
9735
1488
41315
15381
4505
36873
7431
14753
18108
10938
677
17116
1364
41310
38525
34
27922
30258
6802
30464
35520
6017
124
29851
10727
6958
15487
6864
24302
35950
40610
32705
13483
36498
3508
36768
19075
8726
26331
12619
40534
39017
33207
18720
12283
32390
15120
27141
40824
40716
34435
23383
10787
27612
23302
33944
12800
17762
16908
9400
8573
26022
9891
7542
12173
23404
33054
7711
11885
25686
7525
25164
9326
25351
5869
21161
2528
6119
39584
20827
15237
17277
20834
4797
33070
18820
25048
2849
38194
8251
21789
31973
10403
17440
7724
25670
27906
19860
23641
33949
28075
21877
23550
2935
40961
31947
10079
38137
8020
32539
20662
40162
9043
13591
37471
22271
14924
12839
25017
20957
2620
27162
7911
12923
29460
5666
24349
726
22231
32733
4133
20965
12629
35755
8866
15712
22848
35355
3577
26205
10580
40283
2829
37042
20721
19618
31975
1520
35442
35864
24766
960
40709
25788
30799
8674
20193
38672
23858
20255
32862
27320
11997
13584
4931
6167
7785
2862
35073
31720
35560
11290
23083
27270
32210
36063
24482
15987
10521
32821
29434
9445
15752
4860
24380
36148
20292
28597
28715
4214
10509
34192
16333
21867
30039
32590
27324
6177
40051
31569
35010
10930
18183
25497
23350
16577
39166
22650
40646
6014
27472
18016
2476
18285
31287
25370
36762
24736
15877
30012
24532
19800
7875
23698
38582
13373
2986
8822
33885
38163
22406
28908
20635
15010
10896
16219
12613
35447
6140
8317
7448
8633
21463
16468
27072
38662
16804
15660
22526
6539
15060
10806
22608
19913
12062
14812
13353
37283
37560
15543
22554
28344
21144
13279
22347
18942
22800
39077
10519
24461
9168
24670
31689
17264
32806
21510
36574
37180
36517
9201
6561
8774
15055
22259
22647
29894
4558
7028
291
29308
40371
11456
8594
4059
11008
34498
33890
16917
38442
41350
35301
4562
2472
8941
16518
22931
37904
16110
41424
23783
19846
25248
23059
41166
32307
30685
36966
27428
7403
11519
10663
29680
1078
14133
18803
34990
565
39050
19420
31096
25377
24803
31731
38923
35907
34716
31222
2171
30168
11458
22429
20720
34878
39112
41403
8144
28464
7490
23893
8429
32186
29670
1262
10941
5163
18440
3926
38592
8408
35156
32788
38945
11004
15089
13913
5090
29476
27107
13460
19388
24187
1519
10088
27431
28472
29455
16042
2132
28039
2792
6674
7278
1388
15056
6559
37533
36122
27170
16968
27448
24739
9623
22814
9566
25786
11559
21048
24213
1185
15382
3521
28359
15579
18156
33752
2809
1750
10474
37085
13923
7409
10570
11308
40771
39685
21869
169
8424
13291
31193
26524
13222
10364
15757
25098
37740
9487
40092
15578
18349
3412
23572
22677
34980
21578
5936
26988
22893
33104
22717
10035
25943
15841
11460
41154
17999
25637
12779
16585
29963
38112
19832
33543
6619
7217
25884
13367
9835
23313
3311
2951
9372
12008
9396
28929
12914
11537
19992
38639
8794
39069
6151
39097
13083
3639
28831
8427
11576
18176
20853
33402
33604
6703
27182
13557
30773
26811
28848
5083
31920
20078
4448
5317
15613
29904
34416
14533
13280
25653
16858
22715
21514
39181
2660
14500
11135
30876
24021
37292
34353
14887
10586
30676
39141
21936
7239
22785
22328
33142
6460
33657
5535
39600
6535
38746
6553
34429
34413
4201
12384
2717
40317
8894
23144
11806
7342
2452
1760
25989
36017
35492
11799
299
28983
30567
26381
26624
14278
28994
10446
5632
20345
12537
10267
16342
6621
3094
39798
26561
17867
7339
25372
14072
29279
28376
29617
13005
3059
39235
10275
21656
40828
31690
28512
20911
26662
13319
14589
38921
12791
9761
20224
17968
20238
21965
29361
1850
6879
16390
31362
9313
32722
16387
23521
26977
1009
17179
33833
6232
12812
36069
5117
20785
27938
12680
2329
35176
18128
13999
3924
16444
23119
16972
10487
25976
24024
14865
34880
41356
41118
15707
38613
18625
30471
15997
6481
1150
30882
8280
29901
1355
27492
10253
16707
1170
15196
38497
30490
8944
25450
5964
16960
23336
37325
17810
12263
8290
33128
18701
33765
4523
4896
41240
33107
29519
21678
27432
34247
15130
16118
873
31618
29956
11798
3212
11000
8677
39783
8257
8381
11025
12607
22282
28471
27608
21160
16552
38664
18337
35278
21274
26952
16915
15683
24153
11356
34027
10325
29091
3172
10374
37961
9812
20916
29690
328
19226
37960
15537
22582
25558
40587
25171
17428
9357
40804
28007
38241
25986
1074
3066
16210
31049
18965
852
9946
26219
34515
14932
33448
26549
14143
22278
4787
532
6373
36328
36733
20567
31291
11604
4235
17069
26835
35817
31399
4443
4166
9582
40891
1075
19435
17512
20344
37011
20503
40999
36347
29399
41392
8019
28048
19898
12142
25985
1545
20561
25766
10170
41470
30152
19493
16673
32933
37953
25224
19372
15809
14495
1160
33270
35183
27002
17233
17673
37540
29057
11244
12234
15619
26677
19472
40017
23192
38449
4114
9454
36326
9123
19988
27811
10225
29123
36371
28051
1023
3177
8246
8094
9682
8695
27031
11082
37121
14446
4648
25273
19797
9629
30451
3996
2846
37380
9164
35397
6902
31751
31875
19856
23098
33868
431
4331
22184
16534
26283
19582
6935
3836
24920
39785
8768
12710
34979
19073
8398
24026
18055
3952
13423
4276
10395
23655
41198
8207
15150
785
17160
40540
30556
3837
30418
12699
40959
33707
1666
32523
24637
20313
22221
23956
4215
38778
32600
15248
38103
5644
37738
6138
22974
33106
25258
25336
11758
23618
16543
21295
11734
19321
5927
34655
40125
26743
6822
28088
3193
9510
11873
10625
24320
23700
9681
24401
22449
32056
8064
27691
39396
41101
4673
35464
21323
24873
16295
36198
38809
25075
3982
883
2341
9096
18836
7890
34743
1406
31192
13000
33693
40903
27206
12022
11807
13774
19920
16762
1232
14952
18628
40564
19633
10610
35280
26346
39809
3714
11732
1340
5771
41216
20945
32177
8307
32690
7304
18
36357
23367
27464
11693
17642
11241
10233
7197
24220
28824
6651
12793
37289
33802
3234
29731
33040
35408
38578
3965
2930
10471
4158
769
2960
187
7324
22324
15428
39931
13717
13750
38986
10098
16967
16388
11568
36801
12724
2856
34555
30154
4322
18687
342
32873
22695
24074
1987
23657
10335
10672
8333
19801
34394
7084
2547
25623
19839
31296
2851
37156
27754
28789
27314
4247
9299
10443
19580
20414
657
30628
11770
30440
10923
35209
13753
34856
36132
10858
26866
12597
17960
34860
1263
20267
13808
26900
24452
35273
7658
2741
11005
10464
25396
34451
31846
16327
23881
21188
7516
10041
33245
34607
18162
12128
9924
35369
41191
31817
15250
30557
15025
9144
14266
31563
24386
31324
14180
3813
24923
18278
4040
36405
7821
8230
31474
9606
3001
6741
3554
21659
2540
487
6834
26315
35471
5640
30827
27684
32625
40206
3672
9486
27541
21948
5511
19626
24063
31624
9145
38910
38144
12861
7511
4540
37996
36064
10129
3679
23658
9690
10608
28569
16963
22370
41195
3496
13902
18129
18915
27864
26466
5994
5380
18372
17927
24757
34407
40527
36111
29579
27003
21063
3874
16985
36407
20403
30866
16215
32777
31999
31763
26519
31643
4874
38263
40919
22477
23311
9617
18521
25868
4786
9438
23762
8530
26358
2785
18139
37429
3900
22163
24994
32414
8007
17444
35975
2593
24018
23034
4584
27746
3700
30227
19410
14528
9641
14858
11094
20274
9968
34190
7636
37876
37132
34974
13783
15923
3787
29163
4119
13886
15179
4596
5843
572
953
28763
4426
34178
28921
27697
4591
30635
21262
8686
31438
38484
1199
29587
20405
9014
34133
34346
9742
21923
15429
22757
14348
36978
9650
14138
25625
23654
35151
23857
15652
26849
11966
31603
39422
38227
15585
38513
39255
39583
10767
14520
33310
34454
2374
19616
34927
25126
5584
13921
32301
34692
24585
36528
28680
23817
25365
5923
2511
17279
10169
12348
37934
41014
8394
422
37968
31475
18309
40172
5470
754
16076
483
39275
31106
28257
32451
28237
13119
18777
18851
36022
16106
10820
31904
24381
254
3643
10371
18713
32385
23426
35879
40369
18020
40040
5786
12121
12023
22433
26514
7284
10679
24577
25490
33623
38360
13788
6135
12483
38517
1410
7463
35674
32102
1183
23635
29483
17592
34070
35120
18390
16329
20121
12011
25044
8312
4589
11914
9289
27540
40526
32875
34642
12980
3990
8100
7843
20287
31597
21344
10266
4246
567
30600
11267
34004
20836
41423
3391
358
9310
11641
2311
39134
18738
14985
25473
31898
14894
2874
10388
11422
33024
140
9398
3396
30620
5619
32787
16881
3140
16469
14181
3218
39561
25112
5174
14718
30322
26342
26270
28559
20829
2681
4711
2144
10912
40715
40855
7213
1423
21643
20018
4487
28375
6117
17819
6147
11995
4632
32956
31205
32679
13684
35642
13946
14131
20563
11495
22511
21012
19993
22048
4048
8066
32271
26413
14121
23581
3792
36602
10934
24046
36128
8541
23995
13309
37519
112
25838
9662
32682
17470
10164
22076
16382
29380
23339
23215
16510
1777
16988
20187
2262
16345
33558
32752
27584
36928
39853
12035
34838
36995
26746
3812
7625
39375
26339
34853
21424
24565
7033
17590
3899
17402
9130
14913
27465
7494
13349
24033
5049
11802
26841
36482
914
359
25905
21694
6753
39816
17058
33010
31607
31915
19133
25501
39638
6283
8147
23988
31344
21185
35928
4250
4462
32313
6162
2671
40238
24586
30077
13450
8712
17084
36782
34096
21337
30997
21084
4249
25572
5205
3333
13049
26441
11077
29777
29463
29682
4626
15294
31237
32729
31203
28967
3645
20429
1838
26150
30953
27213
17370
29397
25201
562
41178
13646
20956
15104
3441
32106
14896
6728
33818
21846
26467
29086
24744
16326
7426
25585
23941
40325
16151
26980
22958
18405
38088
16678
2989
30522
40200
32265
28992
13579
28254
35792
31746
14366
4834
18018
16423
37731
38544
29471
21567
10880
19531
39607
240
30659
40279
13932
4790
16951
22393
14197
28405
15063
39082
10259
4800
25808
31583
13401
10702
318
20686
36234
17929
37995
35086
18741
11430
39367
39620
23469
24823
17077
31908
20885
1005
5852
23332
27738
12997
36368
9269
40072
566
977
29870
5647
9399
35002
3089
10641
33203
38116
30260
32865
2406
26097
19119
9716
14324
22281
16105
8706
37208
34694
199
27373
21961
33559
41217
13799
37260
23298
7178
18953
27554
16264
8065
24958
12256
14007
31300
15242
2348
35719
32765
34893
1238
33198
22771
24554
32584
7795
26002
4066
7191
891
39806
30391
10723
39926
30417
29630
602
23295
16874
15529
4124
9737
16562
35132
14071
39587
32111
24753
40060
9091
15552
15509
32219
30979
18207
23415
30263
17828
31887
211
20831
40350
27898
2304
23422
35107
19425
32824
5339
39698
32863
22052
9879
10194
40221
26527
18814
37399
39894
553
11838
31197
26928
2428
10177
5497
7973
17891
3749
23851
34504
31039
39660
20746
1962
16147
2121
3231
41441
13586
18489
167
26409
9533
10004
17433
38403
17384
12885
1881
4113
21027
2415
34948
33846
35371
39027
15824
18711
24699
13476
30874
2667
21146
28157
13260
19673
18807
138
1996
10667
12939
34161
15373
18582
37051
24540
38406
801
14897
24328
26184
24297
35698
23035
14959
5952
21143
21983
25486
26390
36038
33045
15476
9849
40229
14803
28134
18074
25914
40458
26684
40767
27190
10655
5737
6994
27727
1348
19617
26404
23475
18086
28747
22249
18514
39639
6067
7528
31079
23566
5760
15554
37406
32064
6359
22791
6220
9673
18377
35790
35746
26439
31122
16174
34484
37588
20315
1047
13168
494
29761
16143
40463
35852
20491
21216
6837
2778
37693
32085
30170
40712
9588
34794
38435
27815
23138
18845
16507
888
24388
36471
5441
26550
2359
29566
23136
22607
2114
17
2398
12606
22642
14046
20534
3030
1612
36638
39425
10652
16856
11433
35439
16443
1483
23492
25447
3118
19622
24507
38326
36494
16380
11248
10790
17586
17502
27198
17584
5250
26679
40550
20017
17880
10763
40475
24190
20339
20738
24117
31847
4204
33320
16892
25106
32051
26801
20063
23815
20240
6821
11684
1451
34382
41242
26321
13540
9203
27822
10582
5414
17164
9113
14761
3647
14327
18172
15470
26847
28128
18297
27986
15662
19570
19097
25745
5784
16608
32786
38796
36862
30670
2173
29
4414
26913
35875
22230
13541
22279
17510
31966
33958
21652
8145
27714
40357
3262
302
32561
27149
3627
19338
40618
28342
27762
25160
33051
38452
28581
32936
25836
39529
5281
14297
3818
6076
21125
30914
37074
23242
838
23670
20658
26423
22911
17766
18985
37382
15423
38154
7384
3189
19857
17151
13433
21230
25146
2590
37413
2429
227
8969
40241
27092
25823
9112
31715
40725
12795
25906
6164
5054
35571
37660
22969
1801
35745
37205
17158
10064
17207
22944
4054
22871
7531
35886
26516
34250
38190
10075
17610
21778
39092
32459
34940
40260
18240
38794
6874
32087
13311
13092
28497
8851
2977
13699
21993
11724
31788
27495
8764
41255
4086
11105
9100
21376
22949
40081
2970
29316
30142
5142
40430
34316
16348
15990
2295
24030
8406
13282
37431
13568
32984
2332
33423
39300
32944
14288
34355
34572
34937
33145
30187
38806
18425
11736
25107
1407
31581
26667
6942
30612
28926
31523
25290
24683
19341
8213
31338
39569
29184
8143
18834
36365
2558
5742
31056
41057
1042
7182
39681
40259
10031
3314
32717
7923
29649
5606
13470
15268
36927
7265
11825
37759
7998
17071
9833
13245
16199
26094
34261
39470
28822
37148
14811
33715
1946
14493
25633
4522
4174
35813
5467
36051
38342
34330
15240
33673
30675
38315
4081
40360
16897
22443
19699
10036
1203
5954
25599
27020
908
65
29228
24957
17922
17383
34074
16426
16623
16211
15320
34676
23068
4507
18826
36954
11143
21002
21447
24476
4286
6680
40405
21804
40248
39212
309
15894
5003
26661
17708
21325
29352
26611
14545
5517
10550
11721
5094
884
27551
37031
4176
20317
10246
17438
26899
35039
3351
35682
22224
895
41159
15518
15607
22385
25448
25230
663
13664
34569
24555
28935
37284
27549
1955
5864
33625
27097
30852
35690
4704
34199
5447
32454
40316
17127
18174
5078
11406
16409
5001
4032
4499
22522
26813
26520
34895
24995
38589
28761
40457
13511
19355
16785
29527
11228
39224
25235
31568
4137
2909
30031
32211
103
8236
6975
18505
33014
31993
15211
21696
30429
4085
18002
3255
28060
10387
9801
25971
11578
36724
24155
22516
4982
8892
27638
8265
22088
23205
40256
23557
687
25245
23723
28427
28964
36214
13380
31306
5588
16501
3439
18536
3459
8435
29848
8876
40320
13391
27140
32779
9838
16773
20546
30140
33134
39270
38466
20737
17454
2746
38789
28776
10340
40167
12738
22934
35227
10828
38068
2366
23113
40133
13812
23333
27302
24101
39416
13331
16141
14303
21326
20060
39054
21078
5979
14876
4287
5332
32849
18093
7527
8328
28527
28286
11917
26850
7091
5415
14454
19510
27566
207
14301
33315
19444
17980
19489
30888
26674
26238
15080
14933
11373
35803
22349
9732
10393
6784
35587
5176
8544
18431
24536
23511
17813
31824
19902
41234
23220
25638
13971
8093
26958
41179
9379
38007
24853
38372
41352
29604
37378
23402
25127
20311
30832
16203
29888
35702
24089
35973
34376
14637
16397
38210
8170
2055
35891
40056
24608
5908
715
32016
35844
40445
32113
40028
33514
20073
4457
1294
14521
32892
7856
10447
24561
27401
4489
22778
30994
29940
6852
18270
4208
39319
24248
8164
35212
33371
14726
1814
14251
12698
19759
253
13995
24363
20369
582
21064
15950
23176
29571
10977
25059
25227
29572
11862
19847
25846
10548
25399
17091
6705
3999
2882
33797
34159
6293
3254
15375
22528
18543
35555
24290
33212
30548
18516
34085
22057
13542
33789
10239
23629
194
11922
12652
28310
32706
29622
629
3403
2290
22620
12674
12045
34657
39924
8890
7925
2863
5682
13631
27285
19726
29549
16102
3539
27782
18368
29090
39904
20488
34593
19486
24496
34055
25677
13293
33017
10131
7796
13079
8475
14572
37815
14806
17981
8998
25757
9519
28598
4634
108
40452
13002
4335
10457
31529
34272
36986
6831
2096
10656
39142
7621
29288
21631
39066
40665
8488
6493
37229
33001
36153
13058
24796
40166
38363
38224
2338
22809
27936
30938
32354
25002
36623
18546
31871
8610
4356
24538
34443
5883
4822
3438
1933
26708
24624
35778
6249
11618
34277
3855
29354
39402
30826
14420
19330
15873
29327
17846
19078
1837
6408
6992
6114
23117
178
280
4237
1153
38713
36686
30900
22912
21272
36938
9402
41429
29465
31009
20903
40407
11637
3204
27682
32735
8721
5044
36026
19108
20280
20136
7969
19404
31127
27992
28049
3371
8073
22514
17364
40177
9410
15491
21769
30982
11900
18637
13212
37393
19636
37333
19701
41180
27807
39795
24640
39216
11893
13564
3452
21843
39496
22420
35758
36358
15239
19910
39871
2857
46
26820
8954
20556
15137
38000
22376
33487
17576
26408
32901
24871
6113
38529
19166
40438
37893
21057
26719
9916
32554
4590
26613
10160
29006
8432
10508
32867
36432
19996
23509
11670
12271
2947
41371
16428
36643
23992
8163
28444
18358
25217
22639
18722
2688
28700
6695
16218
1453
24080
3762
11928
19574
30695
14107
23721
18988
17295
8258
27353
24646
36178
16646
29558
31102
25681
7367
18757
10903
18136
35999
13872
28758
24514
7089
8797
4140
8376
1468
25578
17670
22251
27086
10731
29135
24786
23074
4526
29038
37087
28400
22946
26045
15603
9498
19885
296
32471
22880
37561
14247
16768
3037
10506
9734
5489
27887
21870
19708
9341
6870
37327
40545
17115
30867
1161
10538
36596
28636
17378
24486
18902
34256
7638
13922
1246
31092
32020
17344
10712
36162
26393
18849
22022
32737
2044
37376
20779
33121
8443
36056
10870
16525
25796
26713
39523
15333
21786
38283
33507
14908
10100
14759
9508
36447
3125
11574
3373
18909
35913
5487
2513
18842
33805
21114
2954
14223
21047
22746
6538
39946
1593
19184
19451
29711
8052
15163
11975
25488
21379
9335
36645
4560
31646
8269
2946
8118
8571
21342
26004
16391
6046
18158
3464
30455
38471
13554
7021
11349
39753
25895
26759
6388
13211
11932
39065
22229
11927
26051
2128
18677
26176
4502
9485
17687
17701
38599
11656
36362
5279
39601
41124
37730
6687
22973
34309
39591
34137
34689
20419
15939
32829
32240
16230
38723
4986
14928
2082
36609
39156
31082
14819
21647
6776
6282
15308
34991
28084
4902
35794
40778
39606
3961
5033
33446
12281
3640
9483
18517
40049
18404
10321
17726
32431
17018
11369
33956
6670
11747
8981
5118
24295
17216
12351
26170
18484
3726
11929
23924
16357
477
26198
38424
18811
18881
11860
10379
23631
4817
24992
1111
17808
5887
15033
5958
30828
39553
16657
28626
25887
22146
18033
10813
32958
27749
30194
17480
23320
29776
41170
4586
16421
30129
40745
5657
7780
29207
30780
40758
2582
26808
12461
7896
30952
10668
15155
23917
19458
39439
22113
35685
35048
33851
34369
4096
12834
36849
16959
36939
21513
3709
10916
6423
34303
23391
6888
3426
30772
21372
7665
20039
5681
27069
24124
24948
12208
37268
36119
31650
35894
6543
33374
17416
21665
7993
5686
26220
38242
34019
10567
4053
32105
4041
34099
5460
35830
6250
38609
20651
7694
33857
4929
30439
14623
16859
37957
28053
38059
27234
31726
874
27669
25775
9338
33509
8508
8418
31670
1836
22683
37571
14565
5492
37810
16668
16537
13653
33276
23752
30621
17035
13308
28473
33293
23842
3054
3676
30638
16177
9534
23712
28137
9850
38750
2090
10074
21309
22621
38161
4342
35703
24765
16207
30184
2256
29128
1060
19990
36516
38097
10825
6340
21033
15184
32248
426
2715
19999
2574
27363
4345
41142
36579
22187
24403
31303
28438
3896
5189
37574
513
37309
31885
30049
15888
11030
28263
3419
4266
37108
13465
36646
1492
12722
1276
39341
10749
35978
32649
6185
12262
38043
9659
16071
32795
35143
9294
36296
7102
27661
971
4722
33563
36294
1126
21213
6334
31278
36135
40948
3195
37997
17221
13621
11277
38765
24727
4620
36843
26181
17863
40192
13216
10009
32509
136
8696
12374
3078
19549
1986
38673
14423
15305
18761
40785
34875
27677
28744
4010
2185
25962
13166
6872
30279
17952
16653
25542
17490
5102
542
34212
22226
14059
12737
29509
21677
39586
17564
7702
11972
5388
17441
3529
27249
4383
10181
16539
39295
10375
2386
5081
39517
9068
15379
1947
20652
8639
23267
5396
16217
39581
38274
9648
10714
8431
5025
9414
39933
36943
30864
31564
10863
40590
10002
11161
19722
7285
39746
19295
24845
39187
29117
16023
21903
25272
14672
33698
12075
17276
14110
29662
39770
3251
11482
32452
35657
24648
33739
31615
10525
20576
15741
16246
4460
27604
3658
28301
29530
21239
24746
4016
39391
13662
4371
6988
28035
25970
13558
4207
27552
36440
30520
11246
40849
14487
32488
12917
26591
18627
38882
33284
38295
15948
14009
8057
9429
19599
2149
13043
3722
17560
39540
20675
31166
35932
14624
12097
14092
17443
31037
6397
1845
34101
17630
21491
13840
8281
22627
32041
36224
25342
20689
1068
31238
21088
159
33372
6516
9422
2525
11127
1807
23745
39958
24142
24010
18500
12944
28024
8703
12516
27377
26894
29037
31213
1062
5349
16548
14701
22823
40211
26115
40078
22709
39321
17332
36951
3754
28904
27196
26090
2992
38840
10720
9532
13920
3014
7077
20475
40249
34477
22831
24413
10951
1440
16436
37994
32819
22441
29651
11364
2460
14935
25645
35919
38166
24203
36364
15710
30
36615
36667
15474
19198
39688
36617
6675
12888
33691
37488
41056
709
18727
8355
23429
466
25958
555
764
21015
5065
7944
9890
13868
35029
39465
38593
30437
21281
23353
36996
3305
40997
17335
34501
37078
26706
26500
39665
40568
31316
8055
6920
1878
32129
10014
2506
33435
16899
29294
14096
14275
23515
35126
9393
20741
31913
28990
26194
22357
29832
40013
13139
41053
27963
20378
22222
31199
22978
5172
25291
31385
21269
30532
22424
1127
34995
31567
21077
37234
36465
30095
39360
2042
22044
3809
31288
39624
9771
17754
19080
28530
36642
22268
30173
37956
12522
16479
27232
8075
26953
26605
11240
36693
179
25264
27300
1727
14018
34696
23977
25878
31745
25843
30564
470
41398
36921
14231
13994
8447
31249
40097
15287
41401
38119
11690
4868
478
40289
27376
39144
16786
35632
17844
13544
22116
4103
6520
39796
5781
14622
21503
17840
8383
13815
20465
39532
39843
33538
7499
22209
32007
32926
37060
28191
29955
23129
5191
25454
22198
15336
25931
8547
37892
37838
30975
22782
2430
11772
40330
28510
19181
24269
2450
38300
92
23286
22983
4753
28443
19229
28241
17047
17206
3825
10412
33126
31480
40907
11468
36663
32764
21163
29793
16404
33441
27345
36229
33751
28869
2911
25732
18622
41364
20054
17788
41257
28975
4037
14333
28170
32687
11063
23796
11268
20221
33061
2864
1778
13307
36505
6294
12287
38643
39138
34301
21880
17357
35435
14239
21766
27861
3466
2530
32968
3198
3667
15786
33706
2933
7428
26104
23526
20219
28369
32338
9680
35799
2577
12712
22416
9084
5397
37200
38331
1511
35898
1312
25464
9190
30822
31113
18080
7543
41036
6304
5474
33839
3064
39541
5971
12788
8049
31538
586
1815
19588
24568
40427
9212
10466
6284
32407
32526
21950
180
9266
1437
25992
29353
35900
35966
24569
35731
36165
5203
23340
6814
29335
885
25937
26191
33560
40509
39333
23613
26804
26435
32533
40909
30837
12095
9018
11592
34358
21458
165
27660
20236
19835
27461
16628
29521
19536
10971
18048
14182
30797
12478
34005
38596
25289
7165
23076
26927
39250
9884
18067
33281
16884
31849
14606
34530
15223
17947
14496
18934
7080
28014
26083
8330
34861
176
22447
36637
39857
33773
29456
18831
36191
15195
35230
24481
12255
38810
27709
259
2206
40451
20194
12754
35201
5259
33808
17263
40928
31289
33730
4285
17321
20602
2686
5571
24491
29725
23705
4544
24696
37377
20408
34167
19158
2961
6031
11235
33860
38754
29365
38908
385
31573
11193
22712
21971
27865
30776
27527
2078
24625
40578
40383
28504
18925
40178
28599
1357
30570
5893
3414
33859
32300
38939
25474
35881
36561
14640
36952
37129
34660
19399
32537
30607
24667
37258
19351
7215
33738
28852
7557
7809
16979
11423
5925
4026
33222
34475
25777
16810
36070
31068
22005
17025
5235
37501
181
36929
33596
15941
12148
6718
37207
27892
22432
28481
29937
1342
16115
32288
17965
21338
25314
27946
37709
26391
13809
28195
26161
24152
35318
2249
17499
23178
4180
7210
40924
20416
11116
16365
27547
25612
40672
8412
619
25852
19581
14422
36279
32545
17408
19087
34077
15519
9570
35630
28880
37064
14453
15508
1460
18251
17189
26363
1630
24221
1645
5169
23984
26278
15827
30326
1011
22407
22387
13613
1611
847
31869
2293
18087
36475
4361
33614
19904
18647
23606
21179
10399
17885
5095
6933
34591
4349
70
37104
10420
32536
10478
2440
24012
16563
21838
13180
743
25210
36083
11167
23493
33810
22784
23027
19715
38644
39346
25466
31491
3492
2298
14315
23488
19202
509
14732
6484
27460
11573
15746
9351
31553
36682
34597
19932
23820
26243
30582
12637
39186
15657
29453
34751
34327
37792
22552
4974
28573
913
4418
14779
6495
5477
32448
15228
39310
9687
21546
10612
32245
18210
996
15773
20149
1039
24347
7315
18473
26333
31478
41228
32979
15535
18709
34643
10032
32593
6496
33200
10351
34314
9042
21924
9888
29775
35905
1149
22018
12512
17566
17075
23660
21902
25858
38561
1320
21369
29493
40306
27236
37522
30369
34307
32709
34020
28937
16547
29746
30637
3799
22799
23908
4906
16068
27108
17208
13782
8421
26523
5177
17733
39318
36742
15536
8516
9285
8203
39895
26947
21205
13778
6923
9963
30216
17368
38018
5416
14488
34661
27098
17583
15957
33840
18022
34844
21008
20711
4047
21891
31792
17040
7740
25954
22817
25536
26068
36865
6636
2902
6768
9220
20536
18747
26803
7468
630
34438
19336
38862
4570
13842
21016
18869
28181
18462
25307
11099
36401
3299
6418
12675
2383
37295
9060
37184
41078
2368
1930
2036
10607
34664
4721
33970
3715
30860
27070
7138
24884
15226
36158
11801
24123
32417
7572
25587
4348
91
38454
9800
832
35748
32203
25408
39048
21679
28606
11841
29122
14298
16433
32983
5433
29580
833
10444
21831
13105
23794
38522
13475
13880
18895
35747
38972
8511
3474
3689
15721
38616
17204
16027
34404
18675
22382
37381
27890
12844
25162
40813
6887
12401
13560
18964
14731
32031
13174
39930
29276
6288
39414
29575
3084
38118
6940
3065
12569
32681
4798
1937
4683
4224
26075
5551
21299
29593
15416
38125
28312
2852
5145
23472
2342
22590
16530
18779
1133
11016
20873
25485
17358
5738
35319
30317
2958
966
33442
21419
31508
36049
16976
1124
9089
11344
24205
17076
28340
31765
8904
38514
8367
36878
40789
21090
31858
28166
16831
13642
25101
17958
29269
11
40444
22731
5269
262
15324
37259
38040
25770
31223
9896
20177
16490
22940
32950
6698
38503
13882
27918
22318
7762
31558
6756
976
8793
15978
12723
24167
3329
35164
40153
22957
2179
1129
37507
22675
37835
2549
28667
5371
15686
30812
3604
10207
20164
18433
17608
39766
14594
25746
3137
11675
8681
13756
15394
36072
28453
36192
10470
5099
40681
3767
12016
18461
30345
17049
33131
23392
6182
28432
34168
22772
34828
18568
23457
18520
22834
2636
40964
20752
26640
5424
31759
16553
31981
11348
7325
33388
8593
20780
33639
9484
7615
39194
23795
2768
38322
13110
18759
25929
2046
33143
27975
16227
35211
37918
22837
5774
23744
3566
10617
21996
40346
17776
30618
28779
31019
32500
27823
35728
21128
11535
35141
37744
23297
14846
520
22283
11988
21543
9045
19377
8375
3871
20804
15233
25620
20182
1012
36903
29764
20758
25295
35814
3256
13937
21736
13723
17131
19423
17800
939
26587
27513
8679
25176
21621
10077
34915
37280
812
24199
7886
40393
5698
24987
16502
10758
18249
20035
5694
13940
40511
800
40954
30029
33823
37315
28619
30726
19535
23062
18876
14455
40210
24226
29516
21085
19577
2782
15442
17411
28102
41413
36101
38558
11751
39366
7081
33127
27137
25575
12302
1385
11203
19654
29150
16811
30525
4955
592
16837
35426
19085
23994
4179
2061
8155
31234
860
38509
26262
30750
5526
5870
40272
19253
11597
9240
15581
26106
40365
29020
28120
6686
26019
19252
2957
38575
16011
41054
19912
7436
31677
7941
7929
14843
22553
36653
13351
21482
36497
31921
1729
14970
19480
38261
17689
13936
38694
8137
14567
17406
1889
24398
37195
2225
12113
1788
19744
10716
34258
13248
36219
38211
6677
25719
21217
12514
12329
1354
19128
32804
10023
33075
20105
14947
21428
10158
12889
24353
17398
19077
30923
25666
28086
36783
28995
15071
2738
33997
13265
34715
32263
37014
6929
10425
3802
5668
16270
23394
27243
38073
41116
31638
33175
23163
8261
316
25993
20623
24813
26463
33332
27773
20677
12550
23004
27166
33298
16854
16084
10184
11041
19509
17919
29204
17607
24947
6108
18009
19718
627
20766
17429
12378
2606
8861
2309
18334
39817
31158
15920
22704
7374
2352
12495
18907
31734
33170
3347
15289
11499
16298
11705
19371
28689
6475
6237
33427
38334
34705
24944
87
15523
25699
22121
6659
22367
33273
13187
34881
18476
8363
24469
34536
3096
28023
29801
34339
6657
12520
701
38373
16267
5482
35060
20629
1521
20926
25841
18171
12444
15021
21750
23610
36872
9009
14711
9245
7619
1088
19895
17495
1915
9099
14956
10794
21957
5369
17645
28193
26718
22400
33223
3524
11195
1285
40202
20256
38491
40732
29511
25948
20894
3625
1443
39548
11017
30128
6476
31640
17792
32109
9586
24737
22623
29452
25739
9538
12794
934
31840
17514
14874
31971
949
22380
16474
6757
2014
32544
3586
6600
13072
11803
17595
27694
29001
31631
24441
40250
30489
2126
33772
15030
14883
7534
5804
13892
4587
15533
37123
39253
4642
23379
210
17966
34495
7055
18032
12222
41157
38758
22708
30407
37483
16131
7789
32495
34452
11674
14910
19196
22901
13822
26881
2208
19844
30011
25381
38296
33515
9361
26829
9255
31064
40934
14951
3905
33463
33483
35444
13421
6191
31755
2804
39692
10959
37232
4549
19484
7942
38730
23514
16605
807
38958
23079
35482
34571
39340
11788
26657
30465
34434
28804
30917
2421
14088
35300
4977
13660
15594
13156
41011
20535
33021
31018
15628
37633
27466
13875
34711
24531
5406
17877
32430
5522
23690
36907
41499
2027
6446
10696
24520
25194
12975
20939
20080
37037
37138
18421
16287
11601
22605
23284
32841
31713
26221
27222
9004
39580
15635
430
552
32730
3777
28898
15638
7934
9409
9763
36773
16977
6901
581
24601
1772
3044
3885
25562
35468
32416
2567
25297
28889
10701
9202
23527
19193
27533
21749
6193
8010
14777
28290
8014
1087
41268
2362
38795
23214
30644
40337
20329
18790
8097
23879
39085
31665
34829
20682
29897
34833
40340
28448
942
1953
24493
8018
2100
2831
38960
13930
37453
31832
17941
26031
26268
16375
5084
20781
34227
35588
11053
20171
17585
950
38631
39869
29468
6431
14361
28622
489
31332
7975
20246
18860
1175
12746
19156
13378
19929
4196
39108
2488
3188
21727
7044
38648
28313
35194
37435
36293
13566
8072
8140
17611
16448
2991
983
34746
4915
25156
8463
21734
30599
20294
13090
34590
30056
29537
4261
35410
33424
39808
13563
39171
28828
416
23431
31236
38425
28677
10766
505
18189
11398
8091
7551
11915
13442
28311
9829
37710
9933
910
21165
10554
6767
38175
12497
13285
7155
16091
16751
36914
20848
23686
28616
35850
39428
34653
6715
5364
13060
32357
21747
7329
37189
38955
23111
18952
27436
37430
31379
28547
11541
6391
26255
31862
15107
19187
9998
16320
14651
21790
8694
21024
6581
4885
22686
40799
41351
40323
30739
12474
24579
20041
7340
9883
40264
7432
23282
10899
34917
28589
15148
39430
39605
29232
30514
155
11317
40098
6913
29484
15823
38054
2926
4592
16243
17464
31870
21516
1298
20543
5209
6402
19648
13340
41039
1549
23011
38069
26446
11776
22413
31503
37652
33484
32012
16805
36343
26565
36837
30410
13521
26397
39104
8451
30944
3821
13078
1684
25149
23563
6996
5867
38811
1711
35757
29531
12408
34013
19710
30534
40111
22861
13409
5949
4498
3216
26588
27969
14983
4827
5156
9355
39086
20767
1861
6
11401
29989
4467
31900
20713
9730
9624
32543
40810
41235
17513
27883
20930
23409
29429
28885
30933
17182
27559
34563
32940
10824
8735
4602
37755
26774
33028
18253
40008
8725
27312
26368
5912
27477
16456
1691
28004
38483
12598
27238
11652
21699
28350
37466
3890
26300
33977
33340
27449
20084
4835
33519
2784
24855
31629
195
21772
12591
30340
3737
39062
13477
31297
7846
18957
28258
40501
34783
17348
12642
13623
9965
40338
31138
2153
34373
7535
11281
31815
15395
6029
229
37761
21885
25915
6587
12766
3922
29201
30235
4534
1274
29910
33610
21830
11443
33227
7164
1507
8652
15852
31141
4942
30188
14810
25401
31466
39539
4597
24857
2043
6425
40083
18434
596
34238
30803
33767
32852
1197
26642
29596
8067
25108
30796
27500
15160
28627
33033
7144
14771
15235
37255
28659
3085
13538
13413
27454
13906
24998
36821
7189
9685
14326
37352
13161
3973
19940
12708
20326
11330
59
3392
7977
38993
26295
4212
1592
34379
6612
5128
3674
17247
21625
1902
15924
2340
6501
31075
24915
14035
19340
27473
7784
8685
5816
25659
14661
40053
27343
26942
28230
41119
823
28807
15887
25722
33155
32412
7844
14955
8308
37596
36949
21328
2544
34851
5035
18796
14448
6877
20015
14242
21800
6228
23159
30218
11204
21202
21702
40474
24955
30674
37119
31270
10756
32998
12918
16137
28541
4368
5966
2426
5132
23130
10757
2750
5469
4409
5677
27743
3453
37463
26873
22244
314
27854
21886
28506
24261
9286
14974
21758
12417
26725
1273
1695
28936
3628
15813
24172
6898
6419
37793
19786
2825
40440
569
12818
32834
40952
12349
30539
6097
39750
5426
36575
1373
23246
41418
41233
24602
29900
13596
31382
2133
23280
8358
39003
1812
28557
20598
7049
35701
25538
40589
30121
2835
39063
23880
12970
32000
39993
1436
2770
38666
9644
13032
26410
34745
2625
24310
5361
39512
5491
36341
16792
25015
31787
27578
34919
40746
2776
16467
1267
33205
3518
36469
38287
12919
27062
39780
39314
32651
37305
34673
19727
40913
40644
20427
30205
14269
39020
8183
12083
35655
12192
27796
38235
7127
33319
32492
38377
14787
26310
26235
1736
28334
31051
23496
39399
14179
8650
34063
25792
18978
8965
11404
36649
17039
5423
39822
25514
32196
37111
9661
6215
19607
4058
33649
16695
30962
4412
11494
6650
6143
12718
28329
8823
30902
11542
25779
41381
20006
18083
30703
21318
35529
7699
19052
10236
4021
10309
26971
1418
38413
18059
21180
27531
6947
30284
13276
32732
8491
730
26448
2404
19231
6560
24623
36231
32204
7561
33120
10197
35469
39609
2542
14145
24940
27732
3389
9793
2432
40866
1328
21409
34264
26556
13935
29699
33959
35715
35821
15129
27392
24609
5528
25180
38205
25173
8113
57
7451
2330
36334
2728
38948
22592
26687
13800
20314
13117
32019
20725
1825
12656
771
6131
8188
4379
34360
38310
3748
31190
7570
10411
25394
28940
27110
15441
11647
33581
33105
8211
22396
8874
34213
34837
3343
27759
16587
31718
32239
7593
13376
32975
1439
4694
2393
37387
11311
31412
523
38844
35253
9003
18248
19615
9229
27226
2714
24983
33190
25496
18730
36584
38019
14705
34824
35333
1163
2020
20560
35189
21011
1676
39227
13617
3886
35267
8950
39516
12411
24346
20951
7408
14382
41314
37102
39996
9365
7153
33729
40102
14767
28283
26162
37899
26303
14741
20974
16183
3045
5692
37239
26028
29949
25271
21095
3320
15407
36067
12447
10873
13983
24314
1219
10280
22883
16116
29653
1719
13332
36118
19914
13580
24867
41291
20222
19362
39201
26114
34756
17481
2640
11852
30288
36595
3342
22646
14721
15443
9668
18323
31825
21638
20088
23223
40347
15180
8477
40780
19937
24989
23806
21460
27794
15528
22718
9436
15965
17016
10966
26257
35262
18325
4946
8550
30269
13963
41099
14789
38684
23889
13908
35848
25468
37000
17448
8953
38378
42
24122
30307
33476
15522
9706
7824
28670
2652
32275
30884
17851
1763
21371
11669
10084
36356
40089
30502
5119
11876
6037
20850
4240
12452
38284
35299
32889
12630
23473
31724
15861
3099
36874
6190
33247
13
38052
28615
13696
24794
10511
577
18313
2876
32027
15274
9197
4478
5808
25084
23575
6557
25900
5610
14016
32321
7088
26573
8922
6551
37434
34949
25885
16017
19162
10442
4200
28764
11072
6413
17349
9866
3867
7071
32813
21814
9999
32831
31331
35105
14968
28325
12288
1951
21842
1293
10431
25762
16721
23962
15544
5105
13317
22606
28544
10910
18612
4165
21314
14102
22448
11622
21904
579
2613
38859
31595
5536
7983
39084
17338
6691
18702
29118
6580
29501
18416
32415
36875
32800
25429
38967
30290
29535
27052
28697
25952
26810
15224
37620
29234
10948
1886
11538
8943
7708
20048
36571
38965
26259
1417
38443
5637
8433
22078
37743
26110
11125
18659
4472
2617
18660
31381
4181
4793
8914
35359
1145
41130
15769
10576
551
40179
23294
10704
39161
20330
16458
3155
29233
848
30214
9122
8825
35991
36238
3042
27518
6457
5579
26169
2026
41089
18888
23039
38384
38232
38345
2334
38207
19060
32778
15202
35977
9902
16319
40748
4993
37503
39173
21988
33358
26867
23595
12908
7508
34320
20477
37736
33570
19852
9856
1954
29494
24333
21386
26272
21943
40059
13533
3180
19104
31400
40261
13578
7082
18361
39332
22000
26318
16031
15376
24789
39292
21775
30594
9589
31405
12298
24058
39206
15981
12310
4442
4598
38584
34807
21626
11239
40054
30998
13742
11449
26049
15608
29845
6850
35968
9206
811
35000
27506
19396
13821
28799
33670
2690
16683
38968
31935
37798
9472
27613
37678
3326
31060
31719
19714
31667
33297
18597
836
22288
34928
39233
7270
32074
38598
34295
29132
2097
25191
8244
8438
40251
34401
5285
12859
21698
23030
29648
40127
39730
5055
41218
37211
16706
27155
34290
24652
33937
17717
20983
33095
30414
18336
9384
21566
37919
16958
26740
22452
28094
41029
6593
3801
40723
18063
37346
25949
2892
24863
13572
35232
16615
40707
18302
12682
31462
39772
9301
38446
18277
39482
11169
29109
20603
33842
13587
22275
27779
5948
20697
28509
22062
36276
18438
4188
23759
22180
4167
21938
31848
29934
15399
27639
30069
13012
38610
18583
30395
17727
37796
21798
26005
36620
1503
36001
14809
27988
20062
986
2163
40246
36573
25913
25714
17994
12327
39927
36619
17874
23497
13120
10802
38387
17491
30634
25029
27576
15038
34147
9369
8243
1600
25842
12657
35631
6911
14066
7353
38409
23186
26688
10289
38094
13531
16200
19753
8710
32264
21154
38027
7373
9126
10601
3664
8509
30853
3571
30222
20321
497
12355
15930
8461
13202
35356
9864
39336
39556
31945
12360
38935
27511
38688
9794
13004
33456
34216
9188
37145
6959
26603
31083
12554
7065
39145
3086
4905
6826
10357
8416
14522
38266
31851
37950
4148
28153
30885
11959
34138
6844
15910
22036
38111
29987
35645
20123
23209
41093
37591
5911
7307
39862
5562
11640
6176
39590
34241
20232
38530
37084
10956
22093
20002
22152
38891
36318
25956
27290
39724
11510
23508
28733
12662
11874
32099
23217
25966
1527
15946
37824
35437
23819
35388
33042
13243
37766
1977
7161
8554
11205
27027
8041
38358
32574
7514
21477
19071
30070
3811
4305
7208
7255
7016
9383
27117
40739
34512
17841
5797
32287
29633
26304
25137
39397
35491
37788
35257
20922
11455
597
5023
18784
4975
24952
32486
28966
8378
31770
18616
8098
31292
3735
31027
4814
11331
12395
8637
14529
12260
36208
35540
12099
33852
25186
33608
15131
3383
36190
30752
2868
32929
24098
35805
37504
17588
25499
3771
12218
11683
13705
5565
1314
28585
19297
34537
7103
3312
3425
13127
41111
30048
4756
24197
27564
2283
19050
19039
15992
13102
27654
37673
5440
30698
24234
40957
21438
2288
32044
28550
32254
4656
10686
10185
36830
28384
20508
36481
21065
9512
29821
9802
25428
33749
24126
28199
29018
3149
29636
10775
30402
10044
27050
35017
32206
12559
38980
35423
26126
10514
25389
5501
16132
15918
34740
13647
1940
37772
8492
26882
16198
33677
24806
26144
3297
5355
18921
3031
3646
10104
39451
31328
7580
6574
27595
12242
8179
22438
12067
28712
21190
4033
9781
10419
37414
9509
24671
27716
7099
39462
11160
31979
32164
21053
30178
27329
10979
41298
22402
4671
208
29770
2869
13046
36858
20434
33209
443
24209
13486
15028
27176
26341
21056
27757
23753
6153
14054
32676
36652
7194
34703
41259
15083
16536
10517
9048
31028
9720
11890
37069
40402
11867
6833
39935
30266
3469
39269
23559
4847
37267
40642
18718
9215
28319
30981
24622
14746
27678
19803
35596
39944
12159
21883
24722
32766
23709
34818
21411
39645
17278
36271
38134
21410
9288
14901
19548
18394
1604
13972
31260
20643
3728
41264
14677
26336
20068
32491
39188
22333
16509
16374
17324
17531
38256
4343
29835
26469
2929
9981
5067
30996
12810
18229
337
193
41006
24202
13998
32453
5348
10142
37240
8619
16205
27057
35225
10284
10866
15534
13425
4308
28863
30303
5875
30124
9953
1767
23537
11986
3315
13305
17112
3552
34609
31485
3560
24437
8879
13499
22405
28450
2589
3800
18375
25212
38030
5563
11435
23964
27545
6369
39413
29929
25118
2226
22011
2357
33406
38566
33525
34732
21618
14584
38467
12383
4315
2932
12696
3284
18778
26770
35549
20459
34102
18787
872
26297
1490
6899
33703
4483
37265
21841
14115
7686
27409
20342
29194
14265
7937
28178
10232
4739
29307
13658
10689
26431
26038
8396
4178
36094
39106
15762
33761
23831
4520
2402
11353
25058
24971
3080
19873
35590
2997
40099
36445
3435
36778
9254
9789
3056
6445
38478
23364
29584
32970
19313
34274
28138
26858
36305
7960
30719
11797
29834
26308
29515
6828
21055
29296
23436
32151
33138
131
9726
39992
4660
20370
41437
38731
20072
22325
19601
22665
41213
41446
30699
11150
21771
35255
7482
6984
17011
13346
21552
20808
34045
38294
2477
21107
20259
6139
28969
38874
15655
23790
15654
36361
7281
9187
26982
37432
19263
29594
17529
39761
34725
32093
36499
7778
38942
8074
22770
10153
23375
11230
22872
14591
30515
33350
39876
8737
34764
22159
22711
36280
14654
34021
20119
19973
8630
23443
16037
29708
21861
9259
11507
39522
9923
36205
35294
8897
9477
19176
19652
8384
24937
29619
33108
9632
40063
26396
7828
16182
4714
28456
37716
17925
12466
13836
8033
40187
2202
32222
39498
37173
13739
10901
4387
40649
1218
38038
3068
21915
17769
30711
7987
18810
1700
20479
21967
3795
10748
2239
1349
36054
19112
15911
32634
32463
37282
25140
30090
14738
15512
23341
27099
4074
10862
2151
15739
6132
9635
28609
20493
36702
18816
24114
31909
18160
13912
15439
39011
21851
7524
11884
40979
1415
10849
11058
29767
35246
22845
1659
25420
17328
17434
21035
15557
29095
10785
9840
30344
24097
40007
40002
37661
11073
4961
21563
25236
4920
21277
16026
33226
33168
23718
34527
40384
40418
12054
37808
32405
40154
9848
11681
7804
38622
22753
2353
10602
4550
21928
35031
38816
264
22440
4373
7070
2296
39007
842
14196
20666
20801
8889
7223
2810
28724
38083
999
29612
31484
9755
34577
17456
40630
19236
6614
8899
34328
37672
33658
16609
11487
2373
19772
2405
29844
20918
4229
27316
7568
22909
23485
2507
15402
27581
6584
17496
12964
8219
38539
31186
13950
7684
32411
11412
10895
9476
11613
26814
2187
6900
29271
11816
36333
4421
32285
27751
5350
26163
6428
33524
38876
26138
15151
20650
38495
34387
23424
25319
10536
9836
31378
39481
40626
35570
11197
15688
2254
10703
1792
25208
12912
17649
40493
8885
19255
27833
21780
32680
16544
29650
13522
31497
21485
2924
1454
26827
33291
16825
6003
28247
31155
19638
17765
13492
38321
40538
17201
34984
34983
35432
6573
1351
26731
14419
1002
24584
39782
16667
18308
32684
19553
25791
36443
9758
15970
23933
2220
31782
5137
37549
1207
29280
3916
2245
24564
23821
2520
5384
4719
31446
28693
5448
9550
36223
9881
7930
38815
29541
35287
23491
28587
10458
30332
17143
18442
40106
18013
5572
20812
34204
15300
5243
12185
37066
17486
10809
29013
33600
35034
32767
38061
39683
2650
34602
395
22079
12347
258
32626
36025
38239
29036
11172
26373
5604
13101
22729
24856
35090
25924
23692
32328
12393
14851
8732
818
16150
8306
32514
1802
20174
32711
31094
19608
12357
29967
30759
9444
24473
15415
14377
41232
16258
39257
18215
6800
333
11479
1751
20021
33891
29658
9633
22225
41340
8741
12396
32309
27257
21704
39386
27321
3322
10341
28025
15000
28919
33689
31696
34933
15744
11306
39672
26807
11951
31250
14733
26521
18163
35958
4892
9865
26
27863
13398
4935
4336
21197
3935
15856
35666
19836
12409
14490
8821
6847
9324
26029
34023
12955
32456
11074
439
29975
24519
7352
33641
9521
3859
29112
23571
14775
2634
26491
31883
35030
17961
12782
24422
28841
23318
16047
26073
2860
31970
13402
35842
35826
912
27367
27935
31810
14505
20074
40019
20214
36044
40561
10465
8898
41312
29142
14141
8980
27498
15181
30356
14352
28757
1830
9241
24848
10832
19499
29797
20307
34614
23386
32462
12206
5455
962
29439
37072
2049
27326
7500
10043
27995
19452
31023
7114
4203
37277
10358
7266
26436
5182
3498
39964
20116
37538
27064
21489
13528
31398
21385
11673
5195
39254
20106
37120
9587
37910
41367
21776
19719
22496
6867
23904
37057
32293
20154
37266
225
8409
6100
37640
38732
4720
14017
37411
30707
30825
20412
10926
24711
33668
1014
23161
41466
10058
1215
9523
17107
31284
19761
10028
9524
14398
28232
24292
17977
33908
7712
8241
39023
27641
13071
15890
21837
27114
13014
1670
14248
31528
35663
3723
40770
38984
3295
12589
5574
36698
21181
30037
33086
12419
17032
8765
23292
25794
18987
33343
4980
26134
39706
6876
34322
3105
22077
29348
5728
18186
21761
33122
23095
24225
7385
7756
15356
1442
28820
29924
12236
37472
37465
33110
35837
40196
21606
40255
17106
28611
10897
26534
17797
33998
8351
11733
736
31107
5410
27941
39953
36110
22550
40982
29595
30441
2925
7406
24284
24632
40194
29914
11570
29659
3619
21235
40381
30195
37541
33467
13189
19024
15208
20824
18275
24087
9704
9815
2166
10494
34841
24271
11347
26153
1165
30196
9721
27247
38712
37005
3142
21169
34679
18386
9388
20937
8420
30741
37634
6362
5298
3987
2200
10648
29889
26260
22322
29427
23348
7452
4404
26655
11042
19538
9555
41292
24041
980
3599
17403
17410
36793
10410
17693
11831
32910
10467
24619
23735
17802
38138
39519
36402
39571
7540
26217
9083
41042
13354
5618
33355
20186
21089
38123
8974
8604
20765
35733
9660
27806
6519
30816
9421
17234
28486
41155
17616
24077
11490
9461
32898
15271
30774
32010
4742
18551
39445
15831
40022
38362
18246
15886
14047
1257
2775
16572
3372
6055
29514
10296
18511
39298
8848
8960
31691
4098
40107
7240
17933
34116
12974
25982
25896
38764
2045
26355
15069
8003
23935
20877
19327
39477
27077
26920
34930
28222
7627
6673
10591
34392
4027
21849
38949
14484
24982
22525
38636
10932
41389
10048
9513
22762
58
27204
12638
30735
19339
12143
7549
308
22131
3108
35033
23460
21739
35057
23926
21487
28476
40214
18273
30304
34103
33624
23999
3980
41266
40985
31668
5262
8212
40992
5273
36651
33945
26159
33
36991
19380
7805
10783
18121
8778
40666
8561
29908
39508
14525
28753
28151
35384
4429
27580
6661
4654
16355
3306
19405
14465
20101
327
20395
24872
31451
39812
16260
41357
8222
18868
12033
3352
40547
36367
36034
17117
34843
1178
38727
17707
1309
1613
38560
27923
20506
39473
33385
32190
19529
35368
37849
8968
8612
32127
21289
8590
23354
9898
4518
56
34635
38017
37106
29605
14676
20009
853
981
23797
18871
27668
351
13550
28428
30717
12492
2742
37697
28961
3829
32930
37199
38964
25392
10300
17913
5817
17963
35495
8495
36896
10034
16483
40876
991
23166
16905
18131
9612
6441
31356
32367
13157
38
4943
16952
27761
189
3944
2759
12220
13689
37946
3868
6627
25738
38414
36901
24791
26893
36809
38145
16969
38184
21648
18437
8989
28871
7612
18288
18069
16913
13371
24034
27742
39249
21805
11855
34127
41031
30990
5538
30323
26204
35668
8327
7922
32739
27075
13535
3252
30408
2610
12324
33336
38997
2111
16297
34089
15702
3146
38336
12952
12195
16030
11012
3710
23773
13518
36648
24933
16070
13943
18948
27274
29116
18415
40808
24728
3398
8962
16842
31732
28583
8150
40939
32303
14900
31418
25181
22699
12353
36856
25320
17888
30625
2711
17037
15507
3995
21306
33475
33923
21892
15737
1673
9776
22689
6930
30571
14863
22025
1429
32756
37142
2474
7493
1534
9129
23116
34710
19242
21178
17695
25416
32473
14973
20500
15209
13485
29920
25866
4061
22671
38016
10281
5938
7119
25296
6667
40605
9158
31162
31301
8926
4072
19095
32653
29893
29193
27556
8586
12527
15467
20988
34898
12051
41263
13496
19257
4225
7927
2451
27441
11043
41005
4759
668
28651
21096
41088
10826
6321
5527
39215
38989
29472
41284
301
17628
3611
1557
21863
14206
32559
21052
4810
17537
28356
13527
7371
24488
38093
38053
29512
34839
31708
21317
15262
17711
16823
10368
12595
23441
39370
31496
27768
23734
6558
8747
15073
8104
20310
28346
21275
37356
12116
1569
11727
1231
9554
9515
36685
405
36601
29792
1420
23466
13013
4880
32768
6766
3264
38320
26354
15701
4044
24293
5955
8414
448
7931
1162
12951
24866
41279
238
23268
37767
7251
10301
31791
39613
39110
9207
15288
19597
22938
23544
6868
21691
28801
33444
26795
32736
14747
41008
36146
12664
13178
15318
8031
38204
11651
1959
13359
24772
17148
38076
5014
37984
132
35298
35118
36544
21871
28445
26943
2379
8289
3248
35144
31231
38200
34442
37231
14518
34104
8693
20811
11833
19796
17890
22368
20178
2327
16692
3666
18073
33328
36345
38518
36474
32552
39328
35711
10311
40822
36106
10566
12103
6241
18573
4610
17907
17950
20729
34294
2900
28780
13663
30387
26375
37216
11199
33875
6668
23236
31543
15049
40631
7759
5442
21210
37442
18396
39902
26264
14742
25265
7277
6692
23843
40291
31522
22549
27281
39914
29806
11753
9340
13048
9927
3507
36941
6251
36161
17886
1717
7187
13335
41427
33888
15435
9841
31835
36346
33064
26872
14918
13766
12801
38240
14848
4087
7860
34636
11897
38820
27487
35836
38323
11029
30966
13516
32745
13150
6595
34049
27295
21218
4437
4304
14205
31353
14076
35365
8862
15087
220
17146
10151
35078
7519
18070
24435
28728
3603
21358
29304
32877
12752
1957
4662
13977
16887
13432
31892
35617
19277
6157
23763
32810
15100
26772
22002
31370
11800
17267
28352
30961
12076
33764
27847
41167
1828
9980
13360
34963
5291
19391
23019
4538
31233
32586
30745
3178
23873
40792
37987
37341
25109
39979
19473
23792
8676
28385
11898
34630
8871
20111
32858
30399
10561
14853
38574
38771
1344
5283
379
6082
12700
8913
15847
29167
29157
28211
31157
12052
26062
22767
631
25772
4425
39356
18643
29559
3530
2906
9450
18911
30247
25894
7825
33734
21172
39574
39595
13136
13803
3072
33219
35965
18769
35720
8039
31052
12582
9627
11849
27330
30791
30259
17046
6399
30925
31489
33150
35493
25513
28755
28735
15880
35096
27776
2788
11563
22551
37307
31931
4277
37079
40945
7585
31549
24972
37559
30740
19186
40571
27792
20654
16742
3110
30756
35490
31594
35428
17029
2227
6508
25972
1191
10174
19352
39989
23272
19978
12870
27835
9230
3704
33626
29945
8832
3079
30577
29669
13539
7112
24769
16222
31408
34466
1404
30360
22064
18526
33547
16873
18872
1341
40518
30041
1554
15817
38299
11686
23798
18367
9917
27739
24636
32340
24285
2381
14380
31716
17462
8030
17125
14277
29667
6063
2302
3677
12833
37301
20406
39044
32318
3648
23382
1806
5547
9569
10970
14911
17409
34446
11971
9380
19969
19540
38898
19539
32374
7939
724
34793
23591
35103
19919
11638
38919
41146
33397
31589
19155
13493
38640
24764
5377
26973
41428
28656
3186
252
41123
34775
40986
3150
1607
37036
25505
35108
17236
20625
40016
14120
35667
5327
24112
8931
13804
654
19045
19251
34437
307
15559
32175
17709
19164
4106
6395
20338
29946
37048
34638
11812
14692
40258
19385
41294
12228
17541
34228
17235
10282
4684
5888
14902
14833
13883
30665
7107
19031
17832
38770
21822
27453
30483
39102
35605
15011
33617
5356
24611
17830
29703
12578
25967
24215
5436
25656
3267
39850
29160
8564
23094
36893
6346
6415
22417
19935
35927
1690
2692
29903
14634
17855
3819
24265
4392
23197
38645
21671
33973
1143
38056
5002
2176
24598
5019
10841
20614
18981
17212
17930
1764
29895
27860
27094
25935
4866
12118
8961
19149
21308
18196
15840
23711
33848
10646
32241
21580
21532
17742
33327
2501
32781
9595
33549
35786
11938
11963
27903
9663
22854
9296
456
37115
30477
8864
16079
26597
31488
23942
35153
35616
32107
17572
26909
12532
25114
20466
9342
22977
23985
40881
6269
27728
18654
36748
6213
36215
11083
21303
5785
31225
39070
26380
29446
35654
12279
10850
28580
7291
22480
2244
35207
7313
7698
29077
6071
21693
31154
1234
15445
2388
17957
13482
17704
26494
3124
28832
18610
4607
5553
2700
10052
16980
14271
2467
17973
6043
30063
27240
22793
7913
24835
20521
10664
7299
32753
882
31951
8027
12851
30801
40682
5708
2940
11493
36591
35717
22527
15606
34050
11600
21081
28571
41032
3736
33602
26663
20701
6194
31571
26478
35346
18225
8730
22798
23703
31790
30896
22679
6714
41205
38133
15366
19705
15510
19593
10857
26793
24384
8260
4267
21762
35995
14373
3134
32257
4009
33389
34808
33238
3772
17386
5683
11665
27548
22214
29979
4655
39954
30249
16244
32627
39143
15480
215
5027
21127
8833
17839
17869
9277
23569
24150
41370
2065
3144
37367
34072
26559
13567
22039
5226
18950
19741
6943
41241
17752
7881
40455
25568
39916
29282
14942
30181
12449
24816
27718
6602
28886
22832
35197
40609
25039
26454
16950
2816
23849
18330
13744
35393
18714
26997
31195
25055
20031
18398
41105
19555
2912
24008
2138
24506
15629
30280
32457
19515
11775
34613
10369
40886
21687
22601
2915
36628
36833
32953
22945
7435
38550
23468
6571
13439
12160
30061
34532
37735
29403
20934
40303
10812
6654
11532
4413
30778
36700
36203
32378
36711
33210
5514
5005
10272
13961
17327
23065
8285
41358
41138
1834
28339
7175
25299
1319
31985
29092
16560
16919
11065
6301
30568
40146
41307
8811
11352
34473
22095
2155
11595
30688
41383
11057
797
16870
35266
6271
20409
24993
2201
40513
31014
37675
23432
23474
8454
22865
36272
33834
30207
37290
37339
9325
34425
27104
26208
5589
38476
2081
36414
12887
15729
28803
13497
38255
12705
6717
12621
13573
18341
22154
8891
7771
22595
11021
15157
35015
23199
36023
27016
20380
36
7878
12010
24329
28390
30072
31057
28105
19869
7023
24266
16998
31842
24981
20991
21219
27970
32667
16806
13898
33192
9989
14880
38540
16821
18395
28800
34310
8865
32380
40519
1141
5335
33971
24604
35954
21276
32223
21256
20846
29104
14934
30655
29334
8268
32118
27737
10141
8120
5337
21092
41177
13312
32780
21456
24056
32475
10681
39499
35798
26174
15826
16731
20868
22439
36500
37748
23312
13067
19565
22334
18082
13379
26878
5622
16318
15859
38249
40431
25413
6835
7110
30764
37334
16299
41199
3864
26938
16304
29503
34263
37721
14551
12956
13116
31699
33152
31457
19172
22211
7984
22532
24785
35660
30951
3549
1824
3095
10166
16292
11878
14272
4359
39570
7158
7611
2072
3789
13318
8470
8250
27424
18262
36260
10065
16954
920
15472
12773
31828
147
29760
32702
14033
38228
35997
29892
41236
4606
2571
7573
15266
21124
13745
37891
27351
11851
12184
12212
38405
27058
12060
4579
18974
28073
11980
8024
7454
3828
18354
33047
25702
20764
4954
1092
11764
14404
22046
18173
28640
36827
25865
26348
40119
22178
22658
39969
3301
21719
20843
15942
40696
33097
352
28011
25205
26428
680
12894
28355
31325
30074
36485
32159
22835
684
19218
18447
26122
11257
19037
33740
8099
39966
23006
7659
6521
20184
10186
3642
9806
8787
22929
6000
20799
18929
22258
457
5295
26131
4829
35414
25890
6169
12191
34068
3502
14881
29905
16476
25818
25064
4754
23358
16242
16524
31750
10114
20140
37802
18202
22518
34863
39937
25627
7951
37095
32191
38463
35165
27032
18780
26700
25541
31363
11632
29344
38370
12751
27359
4495
25945
15314
8691
15164
2356
37765
22165
11130
12269
41253
40400
35528
13313
24277
23761
15913
29134
6345
30985
17291
24288
19483
29319
36786
16089
9366
24338
3148
9138
374
30324
35709
40594
38703
29457
20544
34777
10140
32047
16223
13775
36354
28927
12544
17333
15329
3522
18279
16191
23388
30863
23416
33909
39303
21680
8756
14209
35135
36003
38606
39075
7871
25467
30606
16322
25421
40361
4082
19802
1323
27216
9196
4452
23091
22319
37779
1832
32527
41135
8597
14414
34348
6069
27950
39226
38182
6588
35689
10942
12467
16159
10292
32755
10986
11907
12533
2622
16932
18996
7333
8770
11691
31662
11602
4120
30104
23056
32905
28660
11658
3875
34003
14602
1559
14443
4565
12499
36403
18151
14590
41149
36169
2698
32168
4509
31315
34109
22754
8559
5472
38729
8648
24688
18024
40281
18096
36604
8053
22019
20001
10740
19332
683
17614
33965
36183
13849
18006
19746
36728
3931
8957
12702
21131
10173
27152
12877
28986
32358
8208
29616
14452
19016
29599
38823
33686
23345
19264
527
11998
3562
24049
19182
14550
36197
21473
992
25693
16848
2656
37458
34244
32830
30183
21901
8669
39890
26473
3513
10361
15380
18893
40842
19001
9143
33087
4230
6804
21139
19061
19370
4665
16332
5933
31262
11859
35215
424
35772
14276
2628
23840
31179
34462
34365
4138
13343
31224
8606
346
19739
24752
10062
35525
17314
2313
35670
35651
18200
28394
19603
34955
14856
5831
6349
38149
35807
11653
10546
16814
13287
35256
41496
29751
37016
40643
4816
33153
5158
4996
28475
15344
7271
17145
40086
14582
32964
8047
2088
15112
24423
7517
40688
7358
18605
11155
9368
19685
34600
38702
5951
18589
19390
25437
12457
3817
26100
40050
34620
8900
11153
37316
2737
23248
39888
36493
36501
17777
21345
29035
20632
18209
28652
29331
20523
23086
19863
17643
28167
36719
33468
413
30836
14685
24431
24134
29171
17222
23971
28847
20761
1058
40845
36273
33640
26085
15732
1458
34180
21254
8529
34585
35441
19956
22397
4879
1394
21094
20969
38500
3649
21726
2630
38665
1688
38391
28954
2210
6497
31058
14867
39127
36944
36483
27267
5193
20437
591
19279
28829
10616
20138
18221
13073
13390
31348
10372
40647
383
36529
39259
28751
35543
25960
36558
26294
20196
35918
16588
26107
24379
38878
36859
1972
28661
16529
15312
28655
17676
34886
5845
7124
15691
15048
19720
41273
9234
13358
37977
9109
27470
6760
19190
28749
22673
27047
26258
22042
23805
826
809
38365
13619
29960
6091
7656
9021
32124
23470
755
16711
6065
14612
23680
23791
32205
18602
2438
36421
9281
6492
36936
3171
33674
19592
2526
33144
22167
39910
39967
11631
10237
16253
22842
30649
28959
12307
31956
4175
24064
9844
33803
14675
23874
26024
22151
5178
33769
37354
2414
19492
14150
30495
32477
8498
41316
27014
18910
36239
37580
14331
2196
19022
17498
26551
10163
41224
21117
7290
29314
13239
20067
14294
31794
16817
34610
28695
3196
12906
31259
35381
14836
38927
26450
31046
19861
7331
948
7104
10728
33408
7335
6855
31417
34998
33710
21298
33261
24949
7061
503
15076
19694
33924
35375
39830
21801
9117
2339
19755
31366
19799
7379
23237
14570
32758
18335
10251
37293
28421
5126
33967
32266
38392
39998
36547
8229
31463
8021
1072
6023
35976
37897
12346
326
36179
14531
6796
11635
19891
40216
38814
16451
34801
22853
14680
24513
35181
30753
38496
14124
11377
34225
4333
40208
4914
21279
16181
19491
24007
29200
33653
16589
24321
22297
13951
18908
22773
18208
18684
12455
23878
20463
441
6656
6383
3197
6777
1532
27598
29054
25260
18388
3998
28782
28300
38136
17756
19657
7226
23875
33037
5411
15277
1680
1158
20636
25168
41445
17820
26693
16883
38047
34145
27629
24191
39378
33109
37034
15008
35304
7674
6144
17420
18472
40577
30359
16460
19866
24115
29784
3034
25751
11327
17505
31994
38969
2007
3893
20888
20201
37340
17613
38104
13227
33893
27954
19121
38701
37219
31252
16419
41163
29883
10019
13474
4821
35133
31044
652
2139
17511
18808
14123
8790
8404
34470
28726
33881
11271
29953
1033
7475
11104
2818
18294
35787
21979
10183
2798
15072
11906
19019
5362
40974
32869
15156
365
24311
32306
1073
37986
32120
28833
6351
23760
35121
4458
20904
8214
7576
40367
6325
19137
36668
32259
10549
27276
18401
14734
12244
30749
34094
7450
33792
38390
2638
26525
33835
22218
8082
31772
34012
40341
11037
11258
4057
24704
256
3257
14317
28357
784
1822
25648
30653
6246
16997
32422
11321
5462
3892
41334
39056
26836
9593
2834
11904
25704
34418
14506
18534
15720
29600
20480
22470
28255
25725
26621
5934
40667
7024
37468
27042
31050
30047
924
15005
19612
6712
27178
26290
24558
16555
13630
27067
19651
8
30811
22869
10919
4657
26152
13967
28207
17168
39898
30166
38819
9468
8255
27497
38101
16782
39120
22487
1591
33158
32474
25215
28874
4455
3954
10777
7644
27123
26545
33006
30255
17621
12639
22168
33795
39246
31441
20014
28642
30346
17210
15449
9115
24323
33961
32812
1634
970
38851
40629
14430
17771
14104
26730
40830
409
26196
27571
39509
31555
4833
32923
681
27455
12574
267
4316
5393
20768
40628
3805
31426
10995
36519
30167
33585
13905
20306
38737
381
11755
8860
3569
40165
25602
25764
27269
9226
17389
4803
26799
18153
7351
7565
32082
30144
894
3610
8719
2848
24376
5889
28634
18287
32008
33384
162
30098
36530
22572
25749
38451
31216
27375
6381
40983
36905
11687
10263
25813
2137
30428
8377
31872
16494
41346
6909
12542
3528
15736
134
40722
31666
34906
29442
9076
33636
7618
235
26172
26691
40473
5895
40541
9897
9235
11170
19159
23767
34924
19293
17099
8704
20269
40504
26480
27333
19294
15875
24693
21908
18986
16169
17479
506
40126
40640
16737
24214
20773
36424
31774
36126
13267
8744
8175
19788
7808
9302
15731
38646
8831
8882
446
11723
6982
5696
38037
4060
17574
40152
7908
27318
5766
16912
11256
33356
30062
26620
21525
37249
18535
1343
5221
39956
5918
10621
24168
24109
40726
14735
19745
5691
25222
2828
2983
15447
36940
17575
37139
19114
2812
41443
9119
1000
32478
3361
9199
30886
612
18530
22238
21658
3382
15789
23913
2463
34151
8623
37118
18399
20363
18224
25765
38656
17477
7383
25782
11157
2479
38070
9677
14481
22185
40482
34236
17190
35593
4851
8881
22086
2693
5287
21367
13169
40136
21526
29106
18471
21422
8366
15275
34686
22490
5805
13634
34513
6713
8115
37631
30357
40777
40450
34400
30891
27427
25145
2875
38304
21060
34325
35168
16724
2054
17199
39409
8294
25042
37039
21310
13133
1374
12982
30413
29336
11380
9736
32738
38079
41267
26020
36074
5716
35925
35735
21538
37965
5652
33232
22169
11933
437
33814
29289
36406
25482
2894
12949
28788
21437
38708
34329
37584
24689
38780
33416
34364
12744
1705
26070
3161
24051
41208
5248
8162
17347
27205
29172
23573
8009
36750
4969
36344
33505
27874
20319
10417
9321
11173
11976
1099
21335
354
23813
22952
27621
23158
25470
2811
38289
23839
32725
40138
6463
17223
27917
6570
6644
19828
11059
7581
16853
34931
7188
8911
4876
31456
27998
28721
7811
22493
23184
38759
18102
919
11987
26456
31836
8204
15297
17979
7328
19711
33215
11508
16180
1585
9535
22069
25795
13252
40874
5344
41305
5134
11619
36857
18142
5297
19970
16789
729
27968
10958
14556
36490
38841
37083
30736
9969
1282
13327
2758
12015
17244
6300
21735
12431
19695
12961
21433
20273
35046
11340
3835
2284
39028
3602
34586
1546
29485
30354
37147
22651
34033
37728
40702
35312
38015
19043
13437
9038
38982
22119
24643
7221
37402
4265
35550
18374
28114
27817
37251
9594
12565
22660
5714
40912
3840
41221
362
35774
9453
11506
9407
39819
36660
31621
37567
22140
10618
29585
28266
18502
16140
15636
1790
37552
16909
6152
24851
3662
2917
2410
37860
27514
20103
21718
2122
40668
11362
693
10661
617
28752
21032
39896
35125
28477
2962
22043
15637
10945
38504
28459
22674
15754
3128
30368
9298
30101
24900
14699
12761
2687
13086
22968
19905
37152
12382
6094
39039
39261
16784
5645
2363
36855
31963
15161
35700
9944
17281
37004
32420
1867
2037
707
25961
37261
29293
16726
3012
39554
33187
26724
26496
6365
38067
37372
28842
8430
8731
12440
38785
8855
31547
13044
9729
37094
5399
23179
7676
10007
33000
30672
22847
2039
22520
34237
11253
17137
3564
23044
23786
15061
3365
6073
6987
15596
32585
5989
34616
2644
24931
35071
12941
35339
8499
28790
38045
31147
11865
13316
30919
32104
8887
39081
20499
11305
13290
16629
5106
130
25493
13407
1919
9303
31021
5508
15936
41349
39461
34248
20127
37750
36997
5848
33119
34852
24674
37639
13328
14339
34565
13085
34305
12749
27961
15705
14961
40673
3310
31409
40135
22497
10298
38552
16625
37931
28731
367
1538
15066
5265
39365
34057
20742
30474
17764
37692
38407
38110
4088
1804
13727
37601
8389
11940
25902
39279
16680
29614
32428
37842
31923
28408
21982
28526
37653
3484
11664
17591
40084
6338
15836
20642
1966
13383
33316
20655
12936
32915
27200
41434
22144
18116
38313
28454
24032
10902
13299
13933
40500
9947
40766
3727
15846
23143
13019
25980
37583
39818
20967
26081
17789
23688
27485
9481
626
40617
37177
28406
18813
20923
35019
39757
27769
9631
36255
5809
9973
18795
815
12031
16043
20915
25934
19665
21637
4012
22649
22902
10175
36417
41040
33974
28430
1214
14523
15387
39546
29360
445
5884
33672
331
7997
5077
12296
22454
21031
15082
29188
5185
22108
17377
23728
11785
1833
40428
6523
37619
11191
31473
8919
28308
26738
2702
2971
24331
15406
10856
32715
30928
21207
14234
5104
31704
19139
8655
32575
24847
28333
18076
25660
10822
40969
25138
32991
16372
13399
30805
23228
24878
7812
8050
16427
2268
13688
14539
8682
1524
8583
38444
38941
17439
17294
21271
9987
28517
22783
13779
26825
19968
11714
7620
1330
13018
4366
41112
29431
11076
685
9584
31600
13456
30211
24827
13377
6537
2721
31562
7882
36672
27451
29673
25811
40753
11086
18601
36610
5576
35964
40137
4353
40880
30587
35443
35987
20871
468
41419
21036
38655
21476
4007
14687
29049
25591
33237
8613
31481
26411
25697
23331
22898
26752
34939
35692
31204
36024
10248
31221
40557
31976
39436
40207
36087
30171
9608
11266
17302
33722
31283
19749
37978
9027
32856
36582
26277
31375
37603
41372
27676
31165
521
3336
28561
18685
2541
30521
7305
16516
29676
609
20982
5490
23824
31298
7051
36030
37086
35353
10448
11181
18383
16403
25451
1082
423
28442
10092
15623
26788
35421
10564
7037
3629
12792
17535
24054
12077
2993
17699
2984
16699
8640
32714
27778
24841
7545
2385
14427
13263
34433
10750
6885
7359
27370
31454
9181
40773
16852
24628
32959
2950
28765
22788
29545
11912
33522
614
26696
22841
39494
40597
28449
8448
32646
23222
16780
5483
10984
6978
29345
12640
23674
37452
29886
28861
26633
5643
4396
739
16996
9496
29533
22425
15051
17167
35729
35147
26091
37489
27394
33671
24137
40989
36876
29179
3176
7845
32511
3353
22216
13362
14119
39599
31653
30693
5456
16187
35847
11742
39245
23890
28225
2224
30182
17363
4763
9972
29350
27150
19118
863
7074
14077
20961
39377
5926
1383
7905
40882
9377
10743
12969
25696
3971
20439
33230
24027
6638
14280
7259
38719
29451
22489
32376
6120
22150
7518
1687
36917
22160
22975
4482
8253
9545
37775
4374
36430
21200
37117
1819
36717
80
33783
27323
11728
2509
21701
15391
5251
34858
38597
4599
6952
20349
33323
21591
10027
13805
6102
9051
21004
25773
41458
26233
18343
4789
16704
6912
25324
10333
3966
20944
34553
26372
11710
26006
13693
2384
25455
25826
4471
31641
27304
35051
16259
33234
33081
7306
3609
19870
25642
24136
14745
26399
28294
40035
8029
29253
27943
12203
21951
13145
38590
16356
16088
39311
19366
40422
34209
40677
34028
39074
27100
30097
13197
15664
41174
4254
5175
1900
1922
21099
36114
32993
22826
218
21196
40376
28219
7850
38792
9832
30300
35358
33459
20525
4403
15566
40412
15648
28811
30096
5082
11107
28483
6309
32876
17543
37404
1895
5149
20019
22186
28071
30456
19225
8624
40730
4882
40034
7462
11877
8313
33199
16613
1392
25378
16379
41033
34419
8938
6454
41333
27736
15392
3153
40149
1484
30808
38901
27671
25863
2089
25507
18562
30208
38805
36832
24967
8090
14292
25276
15782
33457
2699
4431
1873
4339
15256
5957
32578
35822
83
30865
41041
329
23787
25565
5494
9069
34718
12953
26778
29356
33052
1991
3503
41345
10630
8292
23807
12647
6507
35762
28536
37053
4222
30398
33093
8582
35487
9034
22533
11955
37179
5706
22539
39401
12658
24521
5664
16807
8844
14378
26389
28275
22733
12475
20056
14410
12297
26683
24916
10040
7705
11071
34827
22622
19771
18104
32540
19280
5225
3334
38889
4749
2760
20082
23628
19287
29720
29317
35094
1008
11588
2948
19750
8536
5827
30494
35402
6565
20925
24582
21713
25667
10918
15751
28402
39474
10778
12057
8084
31855
12109
19679
40694
38231
16190
33440
31340
12318
4994
33723
32371
34680
26021
27940
39531
12280
31032
18572
40123
27282
6763
11819
23916
13859
39282
17356
31099
12387
33321
29745
2397
24876
7015
26001
7149
21884
21844
24658
38716
16571
31780
22392
33178
2222
37017
39555
22037
5820
24723
31415
3897
30922
26360
31954
22992
37888
30642
26645
10891
9364
15804
25269
4202
39352
34257
34472
34719
8452
6209
24065
21675
18804
20680
13424
18733
2594
5021
39354
5075
26654
37604
1529
1154
9804
40512
9459
28699
30397
18237
40815
37450
5510
27990
35206
30583
17251
12991
13503
37112
651
511
1299
19397
41164
17089
36747
11115
40005
475
27960
30730
41420
18994
23980
30492
15152
17487
34078
29147
32695
17836
33132
15764
29295
16129
39278
16640
16658
9471
12739
25027
26786
22894
1610
15945
640
38141
35595
10021
18726
10736
10024
29166
34359
7641
18370
39824
32083
23384
31535
28176
35983
40960
34185
8472
25845
3810
12354
23451
25521
16918
5493
27839
1903
34211
39735
15719
38440
32472
39674
23810
18114
3579
9416
23953
29059
9536
25644
1945
1841
13132
29635
15216
6028
36093
30912
34058
9023
29408
9088
28618
12583
16975
10560
23395
34902
35568
15113
22558
36247
34731
32310
10581
22543
31263
14573
30355
5829
30869
10764
3523
6622
26307
38288
7018
11242
9460
13163
7630
2011
778
7062
28708
5503
19417
17823
25115
21023
27586
35860
17801
17501
15675
21091
3026
28159
33537
24716
35114
19747
31062
29959
25682
25121
13984
38740
1048
31556
22446
3192
19514
10987
16472
12869
24371
25159
21787
1926
5731
23586
27076
3850
20750
32363
39652
37832
35149
17735
33383
32366
40517
12615
28337
26837
20425
10980
35324
28293
245
10765
2735
26156
177
45
17920
41231
6302
10461
31775
2031
29203
41439
22544
1732
30282
1935
21630
8176
7330
40870
31805
21613
30595
6889
31411
29539
7912
8298
25010
29267
26584
9557
34790
16255
7125
37871
33472
27346
16098
30042
30348
5130
38900
4999
10677
13142
20260
40324
31012
31560
35485
32399
39575
10751
31645
12407
18547
37400
32850
25875
30542
2141
6314
30148
20522
5866
28572
4989
20897
14849
34176
28244
23833
14466
14332
1860
18943
22234
39147
40032
34598
20966
944
23934
35113
3488
15059
26349
22529
17345
12872
20744
20077
7472
41027
39912
22604
24448
12585
17355
27912
19659
28736
14401
34441
7485
12059
20286
37238
21451
10332
5461