5485
10762
28510
6841
10046
23644
27506
20818
33674
26917
6257
36400
15991
36523
32323
5569
30728
10553
26338
525
10897
2674
13537
41134
22448
41119
9692
2149
12917
36060
32338
33083
36178
34713
6947
4261
27773
1983
39497
5827
11695
37108
25121
23879
18095
5939
37516
37254
9052
37152
38305
4854
29055
7666
35682
24699
24878
11045
3425
994
9906
12334
25276
11289
22681
23495
17926
35397
29965
31714
9144
28303
22092
41303
10155
33510
6312
31183
41124
10432
27003
34529
25064
2872
35146
16490
12778
21734
23997
23566
19593
34246
25257
2296
3061
23358
22547
22880
16537
22305
22442
12045
21174
14437
16412
28462
26843
13557
13080
9440
39004
13156
8743
37641
35245
16068
31865
38279
436
754
12629
23791
4485
25246
19456
20954
40668
25578
10511
19985
40585
32388
4712
9183
37574
22764
34046
11644
25581
25017
3213
7105
3752
22070
26295
27992
2090
34899
874
36783
13369
21292
1205
34885
31542
4734
17282
5220
38503
37461
14726
36932
10832
5480
24531
27240
7619
5479
38135
7941
8558
38577
2944
21137
19009
4719
32563
6626
30849
24542
5995
9307
30610
34183
29100
17569
16693
1727
39853
23481
18846
13300
6055
1160
544
36701
39670
997
20833
8497
40810
34577
8556
39917
5185
20101
7178
17751
26120
4945
3644
34185
23279
21448
8919
10859
36118
2989
35789
9460
26004
37074
18337
24475
19400
16049
5010
39671
15721
10536
27642
29105
31656
21566
3055
18789
7481
40175
3764
28266
33923
37721
16231
35191
39498
6733
6237
4388
17166
29938
6365
26361
8379
19515
33184
31366
16780
41020
23220
30074
34136
13827
32169
26550
26120
38497
8280
23867
4703
14383
39059
26945
36518
296
23296
8623
31029
959
12550
24244
28183
31589
36159
24390
22110
35916
14026
37945
8513
41035
21092
38167
4773
21227
31401
5105
7879
15203
35095
25379
9292
2214
30763
17513
1238
20236
3610
8666
34532
28288
16661
12264
38419
37122
9944
8610
29550
5736
28152
10553
4857
19397
34700
17015
2670
25725
14607
40262
36167
31450
28207
41327
8456
15022
41390
1537
26432
3474
15317
24146
21057
29975
25471
19705
32209
7627
5442
10407
13990
1572
34385
277
25019
21868
36792
14500
18704
34014
30941
24453
16718
11842
5019
37979
34674
16295
9601
6116
39667
25043
18759
31434
3197
18969
19284
21281
12886
30682
8099
4235
29006
25467
10909
37834
21937
16980
3101
32254
15382
5977
15989
17690
6712
36523
11220
23450
210
37423
10332
21985
21883
4997
22220
27264
3218
17204
38671
7860
28333
41131
8764
30456
41404
8081
41051
5433
3009
23721
34215
9016
16849
9532
6164
6698
8090
40454
30906
16397
14430
14626
19480
11217
6578
38767
35435
22808
31055
11196
17802
22914
3100
30630
20220
8114
13705
30560
25170
40373
27268
4235
27080
9792
31521
15193
25623
2867
2969
18050
33834
2319
10678
29232
38436
41020
31956
31713
41384
10868
28077
13589
26566
3618
18759
38763
18305
35157
22674
37787
25222
19097
30333
16055
10031
16710
296
16100
4076
21936
16504
22315
21610
12926
1708
15814
29525
15358
22558
34016
41188
15476
7370
6337
40619
10947
37938
32176
3655
13479
1494
27652
685
16321
25123
30182
29064
21457
10745
31551
17239
18955
27183
16228
25810
12044
3492
25399
3153
15820
7277
27883
9697
13928
9942
4893
14995
22257
27249
9084
885
17518
16924
37251
14982
3012
34040
552
28929
28627
29864
27526
36170
1261
34043
38293
10657
15002
25034
34336
12719
33859
22914
12
33052
6505
28775
7518
22929
10862
8177
687
2119
39330
25230
38660
38375
21421
9011
3201
6902
11565
13301
21173
170
35899
21972
29921
24686
37637
39517
3385
30467
13699
29082
18900
694
14673
4996
20259
40222
26805
29374
2860
33479
33853
16659
9965
14120
10587
35593
13043
3130
12490
26040
37540
35503
9219
14165
38183
39412
20609
38599
36186
36386
27342
34137
1622
17949
19624
4449
31217
17791
29131
19363
14023
27394
24923
34705
33908
35991
34949
30550
32475
13947
8411
37737
17654
12495
22382
14472
12314
14765
24878
40443
14145
12222
16795
17067
20761
18349
25797
3255
14271
31205
33588
34508
16954
41340
36333
12647
12261
17963
26927
3677
40845
29712
3665
27287
23292
29649
7978
25403
23195
39653
3728
23014
32920
23540
31348
34515
4459
40684
33656
8206
34527
6049
27141
25428
36289
32819
20003
33404
18884
35163
36760
10343
24581
35535
6788
31547
10192
21077
3454
30636
20833
25124
38345
2972
6124
13432
22182
4230
27914
37923
28577
6102
23502
2318
11273
6878
29470
12131
3639
7878
19985
27880
13617
4109
22969
18746
27270
38687
40458
39503
33339
10411
4306
17794
30889
2783
14773
18313
34492
31216
8618
21384
14428
25619
33173
14296
31985
15497
38565
4361
655
11650
26001
2079
16363
39487
9898
16085
1372
28183
30471
16721
9359
7124
31111
34705
26488
26916
22589
6710
19177
10259
23379
7970
20447
24230
15559
36446
17181
20408
776
10568
37186
30538
28577
40892
39947
23954
41181
1981
24282
41242
35843
10404
6848
21052
37799
2964
37084
41484
27136
22182
10300
8806
1434
14584
30677
26835
15699
23790
10943
29626
72
18178
26031
27000
29365
2863
14458
13384
12806
26171
28844
37345
17538
24088
2226
21646
21824
13355
5117
26876
13708
34358
11175
2881
23793
1812
36571
8219
16917
2751
6564
39886
26755
3671
22946
10620
6553
1457
6830
22204
37042
37574
24827
7132
27367
22761
31861
36144
20741
40451
27342
31897
34086
987
2721
8334
22563
27632
10131
13497
5830
14624
34097
1817
5043
39390
26092
40535
13710
13815
27347
28748
23575
5420
27231
4366
7905
6462
36803
10968
5434
5331
3009
17638
16476
13097
32118
39134
36452
39266
33855
3100
21013
39591
26487
25201
9819
1618
3255
32552
36367
2306
17119
24599
29849
40750
8209
28867
23777
13102
12850
27389
11301
5128
15512
3322
34882
19534
25141
34098
11675
37687
39603
38519
1073
19237
36610
3487
32861
31906
14926
5066
35608
12466
39744
39546
27002
1902
19252
360
3836
34178
41405
12296
4189
5123
2906
23691
16070
24705
19595
39594
4851
10812
34631
6180
12420
19276
37051
21515
40611
14617
22365
9310
16150
33028
2640
8922
34670
12873
24110
32236
25021
12236
23214
20234
23989
18528
11087
29184
5131
25368
848
18350
6226
20708
13868
7977
12513
26039
8536
36923
13741
26456
18731
39876
41380
7337
2386
1527
27077
1448
531
2845
33270
5830
22449
28977
30379
21114
9072
27861
9673
10872
15753
36009
24476
20114
4137
27541
7275
3253
31310
9158
31486
17924
23338
11007
11491
1846
13195
11282
2549
10723
3928
15343
37690
20193
37509
5313
35093
16537
29055
30619
2476
2147
13286
13133
35712
13214
38079
2337
6606
15999
23015
17144
7576
33358
39908
35414
9341
33505
5572
12348
33592
29857
30026
17532
21656
1133
19646
33733
9297
8757
5275
20132
17887
22225
31331
8264
22278
18730
19298
16509
20614
33741
4777
11287
15176
34635
17866
1141
10665
28844
25569
27570
22172
21086
19616
10086
33403
6979
16208
30687
20413
9782
23430
39976
32158
20435
37680
1716
13067
24592
19437
9685
16237
13166
26231
291
11194
40817
20508
20632
40211
33722
29993
15948
27761
12457
35272
22894
39696
39161
24207
25711
30115
9445
22383
36630
26227
14640
9227
27992
18263
11749
13933
1464
11125
8685
12010
1403
31214
1115
30351
7399
28305
29037
22345
29099
9299
37424
17943
2611
7728
9240
23798
13848
18435
27075
2372
6242
24167
19703
35154
19300
17975
9488
25607
36861
18886
33149
23583
10244
5533
36675
26585
6420
30484
18700
31578
22790
3787
21333
8132
22841
36143
25954
20655
38606
7539
37579
3083
35272
34223
4787
38464
10805
37538
20679
21806
25695
22221
22254
27684
24640
28379
15193
3614
37065
29271
7815
34590
12603
8545
1235
27137
9656
18570
39515
5484
20407
10567
4993
31432
35925
10827
9063
6373
24435
24139
32488
39154
5838
12991
31594
12533
39795
21633
26481
33982
20078
35633
3044
11410
9162
4677
39954
10292
36454
17148
23823
40905
4547
12976
851
4136
23831
19142
15198
34704
9038
37388
35251
7684
6695
19239
2989
38885
38175
12925
1366
39762
10761
8370
29529
35753
1238
10552
16180
39575
34166
33182
23504
4395
35623
29146
6885
25558
3658
8940
25160
39326
23893
12484
25056
26849
18090
25098
34947
31602
38205
39374
12678
20271
17473
23132
14753
20380
10828
21516
6918
33551
35592
28958
31214
38656
19780
24048
27148
1200
20694
18677
37141
34448
33435
12836
39727
6481
14217
11511
3909
1752
23087
13638
30834
25880
20721
28794
7380
38969
14490
14635
23034
6035
9448
4808
1232
13547
19546
31929
31838
17885
921
4469
29073
33775
40631
2825
35373
39862
31400
30268
31009
968
35533
15681
10601
26945
392
14450
37989
19455
30485
2702
20921
20743
3084
15230
34096
18760
35413
19374
8064
14119
20080
10024
41352
22711
29020
26067
5178
10561
28434
16872
31685
33283
36613
9871
16918
6438
23878
1862
33931
38923
38628
12087
27104
2686
31256
6911
5731
28580
1398
9308
32378
3232
14361
21425
3361
3145
5204
1453
40230
39634
5173
20023
3620
245
22683
4477
2928
5525
36865
24376
36531
34246
33780
33236
20918
14654
33433
9227
11796
28654
35237
30113
11533
14956
11869
23373
23833
27880
32328
31864
38731
38898
36366
8810
25226
40357
8873
13203
7332
18367
13946
20246
3813
1604
395
7646
11117
4428
18270
6803
34418
6993
17872
18359
6429
12424
10902
10461
30228
39630
1529
24907
39003
6927
6162
32266
16347
7403
32083
26836
8826
26000
38944
14118
34372
32073
6052
41318
40966
39932
9955
23545
10477
2217
3811
25674
37166
33710
22201
41036
36272
5739
25027
11138
30759
22412
16733
28932
20076
21421
33658
2632
14319
35557
10902
8213
9621
13305
23514
4089
21498
483
18654
8460
8007
19179
37035
878
40657
27574
24431
24931
29451
1673
24826
23717
27561
695
20774
32224
28455
14067
13586
887
16520
26454
4217
2412
16611
11986
8890
18067
30004
24632
9488
6714
28290
36563
3673
25799
911
24275
25997
40001
16194
8424
28686
36899
19155
19761
25275
1311
20307
13510
32805
8961
16443
28320
40876
39509
29093
1534
25002
31519
26117
17548
33671
40378
8067
16014
3416
3636
19760
25090
33207
28317
12141
12731
3130
9240
29751
14194
27319
3468
32106
12668
38341
35383
6139
41015
41381
29037
9891
38525
29946
9285
27400
24600
14258
2286
20063
24465
35763
22890
5362
770
40432
13182
40813
11189
7218
34516
14611
13031
28100
12829
24284
37612
31013
36256
32616
38859
30618
24342
13338
22595
39732
39463
13936
35619
20772
20921
35778
11150
2916
35699
18009
16859
14928
23184
5276
33982
16713
12519
8048
13727
25173
27164
21837
38135
31676
15425
6449
15205
32495
7016
7431
5598
40824
39658
19176
11149
10370
28138
40832
26808
17994
2708
15895
33650
2709
28994
11689
25925
10234
11073
28487
34315
13778
15038
38018
13836
14350
994
12894
8911
21053
19607
17876
4320
17960
27288
22913
29237
6692
19970
39950
2171
15505
22893
22949
140
16252
38626
22848
24002
2813
18290
23164
33174
33261
25212
10253
7132
28651
35163
24722
28877
38729
30607
41463
16243
23377
24269
19470
37061
5581
6413
7660
35281
19734
8298
26446
20665
15369
5640
16801
30868
34802
1366
34880
25972
29395
3408
32773
8912
13143
34656
23992
38703
36454
26229
5117
34681
11207
20981
39194
10190
16786
32009
158
40050
9870
10009
39543
7378
14803
15159
27961
10086
24544
8866
8384
11714
38233
34714
4900
33194
20535
28026
23913
16515
38647
25420
11650
29420
33319
38779
35681
33175
36905
39814
8684
24747
30951
18705
41027
28504
21280
27999
10711
1558
17217
30143
8052
18513
37613
18355
2241
10450
18284
41233
18634
6035
34300
40257
22159
20495
17092
24582
39183
25390
31902
5613
9896
10191
557
22503
23840
10097
24498
18006
5668
25146
35519
35819
25872
19779
6587
10168
17960
11153
164
25045
17840
13807
38205
7054
36351
15439
20193
35870
24163
13926
37276
32191
33903
15366
32085
7031
37395
23381
17710
4805
1417
26104
9419
5198
17154
16383
4997
23466
34600
27854
6843
29915
38434
11091
25821
40853
11871
16745
30806
27510
24653
39305
24787
25416
25105
11679
25109
34910
34609
1030
34165
38998
29462
40110
9126
34887
3792
37264
13372
12007
27165
9802
12055
5487
17618
1791
8834
39257
41379
7808
31296
25156
12999
7701
21400
6676
26867
12516
9164
39979
11927
16974
1720
29228
17868
413
159
8605
23425
18306
24579
35809
33446
8961
33574
34319
30854
4726
14823
25510
37699
23056
22710
33385
10891
15561
7271
9243
37984
22928
17808
20416
12217
13152
12188
2559
8110
16030
23471
12676
28289
30957
13661
35686
18999
17807
38710
40066
3155
17169
459
19349
36193
7384
15273
16597
38230
28939
88
19978
22123
16762
10393
35525
31855
21743
31023
32778
39471
37074
16190
34183
31412
35324
31302
22298
10449
17621
8384
14464
8354
12304
1055
27632
26120
22766
34035
25166
14939
20464
39809
25582
31040
27730
8744
35588
26393
17873
4520
8188
19574
13719
12963
21889
40767
6781
33357
33037
18944
19565
14343
23309
37904
12674
3597
14268
8889
17335
40649
4665
40230
15922
22883
28517
6891
32956
34240
23543
20959
18874
35983
6876
6207
23283
21508
14222
36334
27134
25475
29077
26307
11251
15089
17271
6578
24241
40177
23657
10225
26348
19256
34535
1995
29960
25446
22069
25421
38614
39439
39571
5817
17013
1593
22781
31682
19172
3178
29451
4424
8010
30181
36938
8774
23545
30906
41201
7059
23747
18022
31060
29420
8258
28034
10212
14090
27110
6830
11859
25061
8461
30408
40651
39583
10684
11600
23517
34624
33721
17286
16375
13444
28464
15800
30608
15662
22660
18717
2583
17537
13015
845
20918
4339
37631
2668
1352
24835
7301
36940
15354
19139
37471
7856
15256
14466
39264
10513
1478
13370
2206
34401
15087
35723
36570
29061
11158
26987
13958
19639
14327
23102
1893
37820
10600
22625
15445
35431
13485
6861
27612
103
23908
10046
26804
4625
26011
12532
6089
20974
2236
24761
32261
9412
38968
10062
5977
39758
16954
30701
17117
8862
19624
19813
20271
38179
27391
14259
30556
3871
13351
7847
19036
11986
17965
11955
14066
5205
36572
28843
19659
13434
39480
37791
25015
24131
16916
34839
14972
9515
14484
4797
31708
2973
32177
29708
38045
13442
21342
21905
33387
23044
25162
7247
24015
22110
23912
29517
23285
12481
11466
6993
35003
1315
12029
25298
23791
5480
8203
58
19285
39904
13004
4120
4537
17753
849
40965
21344
22046
5213
22287
22912
21512
41224
37819
27423
6494
15548
915
16451
33980
2463
41162
39584
3114
22278
27983
615
25238
27612
27793
4267
3522
18062
6848
10870
23776
13968
30245
15702
2302
36400
28478
9689
15561
32934
34961
15090
35824
16985
16646
19957
18030
5688
28451
19754
32775
33738
13589
2338
18550
2372
33796
41277
17960
22370
29510
7357
14742
32166
37493
24627
33072
28256
40022
26114
14983
22964
14891
16118
40935
35854
13043
23929
21785
1875
34933
36461
13845
38497
20555
7212
8926
1089
27092
13199
21118
13616
807
30647
11928
10375
24714
37057
34778
37453
19602
41367
36488
18115
24923
34714
40008
9049
22129
3143
37632
8943
39548
14691
8164
14704
41389
1460
22622
9888
40932
35633
25642
37206
5819
33326
21206
17954
10541
22638
23277
7409
17433
1176
31299
287
5172
21520
6110
36793
30329
15764
15306
2682
11813
25075
16150
12545
23481
18104
41435
5939
36341
5192
27301
37823
9841
6288
10767
23600
15232
11161
14622
20211
12306
1012
12687
29439
1951
21119
30833
22091
17827
34542
14150
9038
37387
21466
25681
25321
322
4236
36396
17517
17464
30812
29157
33108
35444
36306
13536
24486
25275
24796
35667
30739
30049
9819
31441
35299
31561
27251
22037
4162
19263
21955
22677
37468
26840
35054
33863
19787
40277
4956
36404
35172
29768
6503
33292
12316
15920
21726
20803
34671
11833
39037
1746
12998
27518
26153
25097
29523
25295
19074
16141
19979
17723
36237
15780
39572
30455
13604
15686
37662
20596
15579
19472
31820
31993
29773
37584
31147
34851
27821
11588
15341
905
26037
40986
8558
37230
27352
34520
2214
19953
32495
35711
16258
19844
36823
32786
15011
11757
8684
1684
33949
33037
2260
5375
35870
25936
34071
34747
40863
37008
13947
37229
21756
22116
29736
39632
18453
5033
5800
37373
36587
20982
28308
27682
35230
40581
9780
5290
26669
10253
27162
40621
37382
12390
7960
8937
13692
28424
19368
32495
37352
29566
33265
11822
29882
5672
25957
4171
9605
15460
2397
17421
33172
18697
29736
30332
34980
32624
3099
38609
28049
29854
15316
14026
27849
38871
9841
17516
31950
19654
27860
28120
25832
33674
30260
8084
41101
32325
25811
24747
35754
23610
4546
6432
18529
25796
37067
9328
34079
14266
18760
2268
39969
9520
10986
26003
33679
26429
5382
12594
35519
34655
39442
20117
13528
7066
10529
973
41123
9705
4277
24706
10665
27638
18909
10826
2272
33263
40036
9469
20994
5159
12529
38208
15921
23983
31044
26182
29744
26531
24340
30284
17360
25366
36864
4751
26321
19591
10606
40339
40954
32321
31919
18237
30222
31468
32009
33849
31694
36198
21032
15971
27043
24837
25826
10122
1419
32835
38943
18811
11735
786
18290
34237
7371
37607
41230
9589
40442
9164
19617
15270
19282
17608
22708
24260
11995
35044
32734
13070
39237
17972
39220
10081
22327
5259
37997
12360
20323
22349
35986
15253
12276
28642
26168
9973
35359
14416
3185
33920
30263
8268
9408
20523
21696
20292
8349
32295
32077
11844
7898
5377
9645
29381
27305
29126
12260
10928
14022
30536
10664
27225
14692
3736
3521
28342
9824
34591
2173
37324
36054
25276
31003
40041
7092
13472
20342
32852
38230
35149
24855
19386
35974
28515
4318
18406
27530
31189
5032
12023
25733
28334
13761
22000
9958
20230
20930
34306
36307
12687
40913
28549
41217
2707
7848
33148
4812
9084
1105
2755
10744
11359
26696
20750
8826
34008
26228
33224
19511
33746
10454
41305
31147
15061
9324
25705
13596
21376
7737
12264
29148
25872
27634
28406
34328
22044
41321
38540
2980
9481
33261
7974
30308
13989
41039
30780
7849
22057
17796
2175
19428
1985
17303
16007
34542
17471
17490
254
10796
6802
36630
751
24891
8740
32196
30347
41106
14836
32970
13851
27177
31817
14048
3685
38869
1875
22287
17187
39254
38886
13172
3189
20897
10265
16329
29451
26151
2917
6300
2515
6848
3686
30357
21389
6617
14166
11284
228
16536
18254
16870
41501
9445
9725
32055
40102
16176
15140
18555
37687
17359
26634
10930
31472
27223
29015
37204
17412
6277
40716
19987
31303
16400
40621
799
40959
21870
8232
8262
38868
15518
17453
39637
33931
16596
23359
29633
23589
8031
4315
35720
19983
38703
23496
8741
3742
4234
27693
33612
12348
6367
19727
39483
7655
3688
21879
4139
32327
24872
14401
7263
7399
6452
34855
35549
7735
14644
22700
10501
21417
3827
6954
33035
32079
36746
11619
19073
41295
36121
10161
6877
37200
17419
28156
8633
12862
21207
35528
20461
32327
4497
9565
13719
29325
10422
40107
37961
2196
10248
37311
10029
23638
6607
11764
7897
41399
10320
31224
18644
29979
1350
32675
5211
31260
676
29977
4985
832
35053
13159
24195
696
34251
38707
4080
14597
15368
23460
14407
5346
25585
11441
2132
19422
20321
8260
9944
24025
22051
14975
4789
14321
18868
36758
12729
31828
21865
5913
17291
35046
7674
4098
19415
17840
37258
28389
14223
21078
6597
38624
33626
18071
38410
10030
9663
14033
34309
33685
1529
32583
10438
11348
35363
39206
40050
26719
19979
39903
28293
23014
11352
14920
25491
20031
32998
13359
2469
1085
34030
5777
19075
3577
35312
7815
20919
26515
28776
35971
24930
31141
38405
15860
29890
41352
29768
11635
31209
29230
26771
7862
33689
36108
11193
22300
22318
38916
17566
35997
40858
17035
33751
18964
35244
33510
23792
25292
32027
26877
4326
16788
23160
22044
1623
22955
771
17451
25272
18414
14364
31212
9376
9815
34059
8601
5118
26582
34369
5688
38203
5213
24749
23853
20650
19399
15590
24448
25921
22612
19785
4577
24945
9898
34959
35471
24085
21378
29887
38761
12011
5088
3747
24683
11417
25935
26198
20794
39133
152
31438
39436
35739
3466
16929
12154
34573
20824
1200
25413
7441
39910
679
6962
41322
19288
37718
1195
966
6309
11256
24005
30267
19160
25544
35075
41303
15244
845
10064
17877
10853
38320
21634
25027
33730
38360
3145
5519
1350
1527
3021
23878
24075
14704
4730
9657
2905
18207
35367
24018
28476
6413
36251
15632
25837
32260
26455
5957
35764
33927
12329
34511
20522
3102
37732
7819
14572
31207
4559
2916
799
33460
14643
17104
34522
21352
27929
16467
2421
35371
23674
11458
13756
14551
25582
8898
27173
32993
37591
9347
29500
2276
34192
34709
31019
2384
36101
17364
28932
28160
6803
24635
35844
13503
40984
15688
20385
23999
40203
28021
24640
14640
569
40654
14490
2586
33750
39510
16031
18204
28795
3104
39999
33167
8347
30366
40035
36784
5156
22753
36689
14698
40530
14565
7778
12409
15247
5271
17671
6888
25636
8282
28197
39139
35739
3674
18985
26196
27856
11821
40795
30709
29875
9930
26901
22377
18666
31025
5460
3071
17414
39223
8865
21916
33542
32104
22980
13790
39733
5198
8197
1750
11225
27177
40146
14554
20425
7714
25357
9265
5336
37675
31168
14179
15190
18586
8288
32717
35726
7656
33544
26240
34072
11633
40874
20641
13560
39407
23620
32494
22592
12640
16352
22798
11188
8926
9233
12113
9072
34011
36469
31051
37982
26792
8050
25971
26982
36896
26698
4134
29667
2634
18032
16390
18529
7513
24618
20732
18162
8938
27802
21358
10253
39154
12169
12117
511
10716
5893
24806
22178
35477
18559
26158
31729
3180
13272
31694
5983
10017
22689
31540
11912
14572
2274
14572
4452
25180
2505
21843
8534
19725
14243
16870
9655
18873
24603
30043
37747
30017
2670
8279
5804
39670
12145
818
21049
33387
15448
35087
22225
24444
15095
14476
37535
32532
37085
8280
31372
18396
8832
20182
15338
36582
19997
24673
23304
30962
11909
10312
9413
39586
2339
22044
33802
35277
31489
7870
22229
2644
1394
37970
19407
20946
34272
2086
27531
18420
22581
37637
39185
21604
8690
474
9440
30342
39784
16272
17046
14081
31490
29636
29512
32802
39573
6271
34663
12342
37129
16392
14343
32729
22035
2067
35364
15240
19526
13705
34828
1623
23339
360
12046
20977
9703
2509
28107
33450
30991
14223
37465
41315
14230
9441
928
40223
29914
28450
35649
18
32268
26942
22060
2227
8692
22435
26121
33841
29002
14415
13255
3517
29922
17292
7351
24219
1265
41030
16801
33761
28858
2602
26374
40305
4585
37549
9800
13059
28278
3428
9227
35830
40193
29776
10660
254
17996
12953
28607
4249
10299
12397
37381
31970
22847
37460
11255
16552
33005
34473
34003
17714
61
10397
3514
7495
33451
14431
19150
41144
16104
1129
839
37399
21027
13013
39062
37862
40262
38986
30189
11035
34580
24941
7306
2348
27426
41148
23242
34754
7377
40564
34498
35521
15040
2941
2257
3560
15330
38988
40694
21870
17608
15337
18256
38929
22767
14534
34863
3046
24561
26117
14461
35355
27094
26757
19224
20114
6947
40948
33731
26913
2855
14020
34124
21986
17338
18279
18872
37923
2606
21886
8253
39906
29552
25358
34561
10621
33674
39985
40917
28076
27948
28305
38382
38868
15710
3459
22503
26663
18359
17368
35886
13147
10767
28195
17492
30556
23991
31294
2693
24855
19233
16835
13856
14271
25291
16861
31261
12827
32004
34385
6152
13290
23544
17622
38763
10170
31042
33697
17678
3384
39089
15461
22077
36440
1637
34725
1982
24492
18226
38712
20750
10235
29607
922
23980
7544
15935
8734
776
14711
2575
36644
23644
24203
8404
17611
8140
27254
22088
8438
8457
31378
39532
26684
675
25115
25193
37321
15439
5857
40111
238
29590
24356
245
10233
34117
34073
4181
20048
1348
17514
18270
39521
39195
3760
39827
26874
37744
37428
28400
25851
18670
4910
34416
24370
37507
20808
2200
39817
12759
24114
5311
12232
23375
7997
34267
16319
895
13932
31849
5663
23536
14621
37141
32706
623
31089
34729
7648
18442
4566
27650
2085
38960
30880
17741
8075
35442
31009
14908
24860
25989
16478
31465
6756
31589
28253
9158
16526
28533
20726
24110
12924
23921
17609
10142
22920
3845
29112
40773
7791
33183
35044
13673
83
20102
24677
12238
6755
16712
30488
8757
31075
30192
21936
24175
37984
4743
20665
32961
36793
39209
20664
10983
148
30606
19199
12206
1055
28555
5100
40260
19471
9313
32979
25433
3532
4053
26478
33565
8986
35302
31618
15859
17335
13642
13422
3081
39503
40409
33753
28833
10640
13374
39686
8213
4653
25974
20340
18675
34386
25230
24750
36190
24502
35984
15672
34283
30700
13567
11211
23015
24255
26315
8355
28433
3601
35878
14634
40904
35307
31142
31966
26862
10586
392
40482
23817
28228
19754
38163
9244
27799
9159
40305
29722
2531
38884
29129
28559
41492
9023
15647
6907
10244
20710
32800
41218
23390
18386
24244
659
38590
11023
20783
17986
4750
4030
4524
31999
37208
7391
13038
2088
28425
31913
19439
4936
37281
33002
20231
2575
6893
32304
4660
33773
24760
35541
24765
860
21678
19822
22169
22748
28885
24311
27061
31563
5813
39305
36698
12874
8850
11896
10774
39120
824
20587
37275
7707
11951
15912
3484
3503
17188
330
4756
16447
27632
19444
7994
26863
37338
4545
34980
39727
18502
70
40504
24311
7951
17119
38951
9722
3110
5881
7788
39419
32084
8102
5516
11104
35335
15942
40987
1812
32549
3314
40740
2806
6565
39796
23998
20038
28517
20139
2283
17206
22089
18572
39388
12079
21360
21570
18467
2366
1442
32282
15685
8449
24193
21661
32114
1906
39181
15738
2637
28703
18663
26159
634
18694
23769
38851
13888
39645
15629
32432
39099
31224
39237
24488
34158
24295
40487
31210
38588
3514
19867
10762
32926
37978
5656
19361
6662
40746
33674
35945
38730
7715
7593
38493
37672
20111
36412
1555
18041
23204
26264
13307
33448
40565
2393
28347
3329
41221
21424
8077
37672
21249
10538
39246
36469
40504
22326
19266
7740
16855
16348
8366
34414
14655
37620
40626
19745
39334
35039
13156
28350
3261
12260
33992
23896
32970
14732
32897
38935
29054
18247
20192
14949
11613
21654
4559
34467
28984
20704
7766
16584
3066
35158
39330
38342
7356
4342
34505
32330
30184
8136
22188
33322
256
22478
23876
2386
22710
3810
33468
28416
1387
20190
15305
19348
6996
37872
2183
19418
6000
26196
17518
8830
41153
20604
35824
16880
39641
33307
38815
15918
38160
7644
23041
9441
12387
21269
20971
28436
12173
35103
2055
12349
36048
25891
13786
22772
40410
4159
19541
19874
6620
4632
9232
16152
26688
4771
35304
18015
35140
923
36931
36190
26602
23957
36458
30043
15139
3315
12220
40448
16958
30656
20088
29969
35899
36720
21996
7497
28766
9164
1218
23311
25132
18765
8223
29201
16684
33772
778
28832
19985
36346
34866
8704
2276
33143
33760
30317
39276
2175
27793
28163
21290
3642
39648
17723
38077
23387
24970
2306
38617
20013
24814
31203
37781
20977
11402
7674
33123
4467
1750
32275
12347
21319
14125
17215
28983
12825
25126
19644
3426
35925
9903
32435
15112
37805
33036
19049
36476
26896
8701
360
24585
27961
5289
32690
34020
24845
32716
30594
4365
13792
7613
25381
3970
17929
39210
16576
33542
16470
2502
14195
25351
34965
27639
12869
3818
26318
16814
34966
27923
21727
21691
9224
31916
2197
11062
38823
5897
19736
24413
34588
11992
2193
7862
14819
7338
16910
28935
29541
21932
29206
5099
1438
31564
30899
29295
33403
15523
38057
4285
24763
35322
740
37154
8558
37894
19801
12511
33280
39210
12827
40080
3340
7613
39678
16843
33221
30098
37446
20003
4961
1698
34924
38996
31788
8327
19836
5077
7372
14172
5329
14990
18599
11547
15476
6634
24513
16238
26761
36341
20186
13667
15643
36701
33336
27445
5471
15661
20190
17923
3340
35844
10691
20535
20459
4898
37933
38290
24846
2561
949
9549
13289
20944
675
8879
36325
25468
34786
3754
13348
25778
28995
14134
27718
352
3056
23111
8750
4911
35245
33975
27216
3048
39250
33980
22129
24790
10480
27599
18696
23098
35535
22410
29669
16066
33200
1944
9195
12113
13254
26393
11383
24026
39509
28430
3477
40958
40681
26385
15676
14516
22108
8239
17008
37380
3813
4896
10672
37100
24608
1701
27024
5735
6792
2664
5263
6263
4253
16423
14294
33837
34709
9615
29887
20093
2362
34581
12563
15653
8286
20411
18936
12732
153
1002
16444
8501
31015
20573
3384
1624
20076
10758
29480
4406
3376
3661
17186
35859
37787
15364
7795
11093
22229
20425
35695
34698
5564
13225
30653
37557
28249
1505
16165
29659
28327
18731
6920
12971
14150
29948
27371
23269
1002
13766
39305
9231
16063
28629
19952
6044
29633
25669
34656
7467
40261
16171
11723
12987
15588
7912
14923
7459
40641
35115
3310
5313
35202
20708
8457
18288
26343
23340
28793
22157
2097
21066
38462
709
34647
36240
1406
27389
20921
13332
1603
26467
38049
24607
33751
22688
29062
24082
6614
15580
40701
28504
29154
38454
8559
14677
41231
30356
30937
16397
39808
25395
40611
23322
9938
39018
38459
18809
40707
27546
38671
20759
18038
552
5172
32998
18484
25139
14125
39896
729
17234
14850
23672
2081
7016
32433
14468
34709
13382
22613
23009
28213
24311
39630
24803
6288
9131
15177
9629
8463
37876
15528
32973
41076
19349
27674
13766
6055
32761
40888
20107
6821
32715
35650
14461
25480
5804
41347
11779
4996
5017
36949
27028
4047
35772
14942
21918
32220
33672
39037
18844
25852
12671
28143
33231
17580
7015
21534
14101
16750
20910
19016
4320
2672
3660
3688
1422
40803
21599
35090
16624
22975
4192
14193
6351
32531
15346
29872
18447
32460
33529
4376
8514
31044
32440
30024
2811
31356
10801
39512
29295
18628
2117
29593
21540
39130
41202
27474
39023
12696
15880
28886
39493
18099
68
1516
28223
20297
27383
19529
32824
6553
20805
31012
9875
38313
31793
38764
10488
4769
6978
33033
21714
9180
40723
4611
17178
23422
37485
31761
10628
23378
3572
18925
37600
18789
19242
11361
36839
8741
20005
12900
29223
10753
23478
21902
35386
25160
37592
35168
26054
32080
37578
14835
6079
4359
4942
23248
37246
1288
6318
23111
23984
14253
37992
5679
20460
27952
12894
4722
1574
17920
18017
3296
18749
22480
39677
32731
5953
31471
13649
24975
36216
2819
7198
5893
5885
25112
17751
4026
34843
22311
21714
36445
11004
38159
21830
35352
14049
21558
24487
14404
41351
23896
18472
2511
29967
28893
31082
34242
8266
15712
4293
32419
165
4361
20945
19168
30925
31679
19396
28073
40434
37715
1766
19801
18792
16391
27554
26612
27119
31427
18256
22438
32533
13730
23951
17398
17584
37047
30990
3625
1019
17039
38562
16989
821
11276
11383
39754
37265
4739
29687
38392
34699
21633
6402
19022
8895
28303
1122
39408
895
25643
31898
29887
27400
11182
5106
15939
8803
10239
19589
327
28810
26539
41173
8529
23886
41144
31853
17881
30357
35954
38184
4425
15945
36498
30032
13297
2586
40427
2122
30168
30912
27751
33027
23216
10236
21375
6532
8120
17685
36932
15731
12367
37199
21998
34444
29245
11818
26648
16558
33673
32627
15372
15416
8510
8001
5413
30611
31607
6783
23470
32476
26435
24399
40142
17045
16454
21599
9388
13835
26506
6447
23270
26867
1188
23906
38197
20584
29234
17437
432
18807
7491
23264
10100
24491
18404
21344
19050
11875
30478
9591
16104
31209
2299
27247
37411
33546
12458
30546
12250
10850
31904
30810
29447
16970
24583
11817
35350
20171
13488
5602
3082
41288
1499
9194
8105
32252
19860
1650
11673
9233
5012
1441
34899
3129
8298
23387
34022
29406
17456
4240
11578
4787
34660
26429
17281
11537
23749
22005
7913
25740
24115
4127
18481
17178
26557
20152
10517
35907
36807
31848
14190
16202
20242
3799
39216
35036
17485
25261
8803
37252
30521
21336
15236
23779
6752
18569
26899
34353
40162
2175
20242
15055
265
17498
28257
28820
4185
10399
6648
2670
3180
7099
25841
18519
23759
26393
34210
36184
6707
7517
18023
32063
2473
10886
5204
141
22830
14372
26858
39964
7951
33415
21341
10060
9245
17509
34218
19574
4224
21625
10704
3156
22070
8805
23130
14887
8092
24107
22995
1461
34356
19795
19984
39225
40621
29511
22053
15706
33319
41138
24686
15113
25747
10467
34254
41106
30879
31315
2206
10776
23775
33730
37262
22563
27267
25976
4408
22175
9846
5641
11852
4655
7976
30277
31879
28635
4251
26912
3314
25425
33379
37938
34310
35447
39500
28856
30475
23745
38917
21553
15762
36379
37528
3657
20429
19836
28909
16669
31913
26684
21933
9929
39922
22092
34325
24338
17246
4087
17962
10249
37785
41154
29522
27286
1458
2088
40677
11076
5972
6176
6809
10608
30999
13172
38342
35197
23990
1841
23757
4508
23564
32511
23697
10387
40618
34132
29392
21487
31724
28486
23940
19665
28588
39744
36281
14620
30088
24270
40279
30966
27896
8411
31767
15237
40445
4137
28253
22669
31659
25269
9408
31372
37200
5754
24757
1943
11487
38968
1046
17232
28774
29750
17718
6162
33208
33322
41385
2898
7662
35679
2188
28593
13641
23433
18489
27145
27927
33932
15121
12086
9249
24390
29588
29708
7391
39014
1915
26625
1922
5982
9216
32101
11444
33200
16128
3288
26788
3235
34793
29037
3954
34246
34075
30928
29590
5814
13258
8522
7566
26651
18931
29133
12642
472
18690
8045
32463
23427
10462
33417
22296
25549
22255
23096
3164
28857
37516
17421
37137
2114
7675
40702
37048
9804
32433
30091
35339
18727
21945
6209
12154
3854
22244
25170
36064
8833
8225
22861
35197
29003
4789
38376
17619
1997
6573
5176
24882
9542
17842
22902
574
38430
21139
16313
32009
10338
29164
26715
14587
7570
26060
34277
25015
4114
3508
10813
40419
7928
38023
36001
32074
11229
40410
36880
27008
30124
8282
38563
22954
18677
3232
36106
7860
31393
14328
18509
12154
28683
13881
6132
14943
30259
18194
38385
7841
1695
17553
27228
24756
8737
29910
9353
20564
30290
7750
10285
2068
14796
40540
8358
8579
17156
34022
2319
19668
33180
25063
36703
41386
35255
38579
8297
22941
2359
11401
190
17565
13444
27725
29717
1654
9399
14650
15629
31772
36208
31556
1159
3890
41455
29444
24366
41087
22856
2544
39069
15665
29245
36925
8747
20541
14119
16383
15944
35675
22428
27172
4898
16520
36802
23501
39613
36786
24917
16866
10919
40764
13325
11225
14342
19750
31698
32889
37186
40784
13576
29690
30251
16110
14716
27221
15232
17257
11731
6181
4577
13306
5680
28427
15449
12625
27819
11821
16783
29764
27772
11599
5564
29951
39539
33028
4912
40856
25906
23201
11664
32016
39750
10048
40817
17423
10365
139
33767
10164
5321
1825
799
37191
24827
16229
12974
8040
14166
1111
26094
18334
21950
14190
41015
22320
39190
29439
5580
22319
4507
35363
32857
14794
6771
41141
6391
3526
2977
38391
31125
22888
35983
24024
11860
5319
38917
5781
9389
28601
35045
18743
40675
6724
3906
27943
83
392
192
31174
34626
32415
20464
3422
8701
25246
37503
618
9810
18055
30649
1286
14100
38011
9771
4830
22248
29732
40378
35111
23094
39809
11538
1332
39519
10998
39480
31631
4902
9132
29653
39789
25636
16629
14396
19294
1079
8147
33457
40910
5231
37735
9234
37169
17279
36103
38601
24843
13895
11953
8692
34074
11870
24225
35106
37175
4061
24445
28334
39605
21185
36715
36984
3699
7482
20323
17384
31686
16326
11883
17620
37647
41049
907
10420
13483
31090
33487
38693
13815
24224
41290
31008
18332
14413
21295
25405
4486
34657
22445
7972
28185
39967
29241
8529
2725
4418
13195
27792
15822
35169
34961
33674
39700
33668
15234
1514
21456
16398
14682
35694
20084
17053
20608
22419
29305
28573
7457
6049
39558
41128
9043
33973
9270
34839
10910
2839
480
5364
19131
5806
12545
29488
37667
7456
7911
39028
37408
27469
6022
23090
15287
9821
37736
16942
22976
39908
3731
16854
16402
36626
10454
327
35306
30965
2628
4740
2205
4349
33771
7712
4049
31560
30761
11817
19115
3438
38934
2977
9012
25854
16273
7848
19671
29942
20139
8544
923
18779
19745
29814
36346
2222
26576
31076
24505
23789
25051
8556
9567
36361
31454
8232
38909
36232
21177
32279
16905
39097
36118
35807
2733
10752
6725
36344
39798
32561
29622
9469
19723
41012
20872
39564
12756
27629
31224
18353
25109
27164
31828
12053
10134
30805
37545
31168
4557
20544
16771
21943
40072
38689
24567
34786
35550
26135
15087
26454
13031
18634
8245
12981
29738
24194
27082
3310
18676
24632
6578
2819
32532
6570
20099
25465
16792
12598
37678
18388
28037
932
32369
4291
35259
9298
5642
3766
24077
21216
17720
38148
6733
26724
13094
40913
41383
11356
32796
26930
9345
18022
33884
31660
7109
13568
22257
38122
15623
33142
37330
30901
23321
28185
21748
33247
21646
21414
25403
2836
29518
9617
8727
20861
35639
8170
7118
33069
6389
689
19391
15962
32993
603
18390
31695
35676
5613
34476
26136
33521
14597
39741
17381
3141
9147
24352
25209
32766
5354
755
5069
15818
24970
15779
37106
33485
3977
33227
30009
33105
12411
12143
40778
25090
379
9129
9745
19385
14423
40332
12919
11650
40051
31493
1793
39059
18
39425
29531
31537
3475
7843
8378
10106
11782
15820
25756
40135
14522
179
20133
18690
3270
33853
6279
344
30300
20597
39696
23515
21316
33051
27582
11539
30230
17140
10624
36424
29509
27227
32418
25033
38046
3550
25624
30121
13766
30469
31870
26867
14656
41095
14792
26483
657
29561
8055
3176
36219
31478
36666
5936
20302
15564
2183
31204
689
20340
37591
12802
3717
33045
17151
12284
32936
20941
33021
8316
15429
20252
20409
640
14937
31993
24693
36030
25105
37195
30856
20145
40695
26426
5440
29254
6253
33601
30907
26366
8424
32280
13045
4649
3403
34024
20310
30851
28990
36746
37463
41197
35931
22773
7612
40492
6847
3465
16877
22521
20615
33134
22400
36396
15528
15480
17562
35945
29575
4686
27952
17766
37419
9848
14545
35997
21992
38447
12866
13031
36031
32716
24393
11300
25954
30864
15612
10868
17334
5088
12713
2161
24737
24570
10642
26267
24506
9095
1527
20771
3770
5954
24740
21106
22606
2619
4551
28029
18074
21839
20939
17341
38683
33589
39908
6907
4224
9832
4202
9830
10271
7364
30824
38221
19056
13245
25162
12411
27350
19013
14005
38118
13957
6917
7713
20508
2534
24594
8558
4324
3771
26820
16253
39712
2486
27108
5784
6920
9625
23379
5479
10409
27782
35590
21074
29269
27464
7419
24608
11960
13333
4185
12281
30783
20135
19728
34569
9294
13395
22329
25284
31719
12991
38481
5343
34275
13346
10787
11868
29250
20211
22329
26702
25555
24454
34560
23672
30215
26440
31602
10230
38444
39511
18317
22411
21335
6810
16597
762
40302
5027
33917
37875
26774
41489
21499
16014
5153
4078
30020
7105
11138
3447
26913
29989
34647
13762
3983
41116
24388
6256
10577
3640
17292
9678
6614
13936
17165
28608
3336
13291
694
29855
38894
6860
34781
17257
29196
20977
15674
9573
28698
12633
8355
32224
9849
930
19217
17311
7318
15714
30372
13613
9962
10956
5376
1688
14251
7664
27905
13896
12420
5864
28492
17335
22496
427
19393
13309
16700
15537
37868
33830
15432
20024
31586
12099
34071
5055
36232
28691
17734
28918
4194
36274
29244
19260
30752
12936
39487
19098
11518
9736
38157
30113
32812
30061
24782
20704
1988
36564
20285
33439
15460
23837
36556
1209
1261
34717
32813
10859
33907
40778
11439
34328
811
9992
34043
19261
8538
34979
72
33751
30047
34022
935
3827
25795
18404
39391
2151
8118
38070
25798
29410
18684
3336
24592
31336
4691
31281
1183
26778
9441
40954
29001
13444
22129
31915
35179
4843
7490
37681
41181
28549
40419
23500
32411
33635
5021
13237
36083
33890
1203
38003
22952
13704
19178
34906
35003
27538
20655
30064
33924
38249
19927
13624
2390
13925
29712
12716
21657
3375
11517
36880
35844
12907
14961
6587
15121
36391
30974
13004
2657
29920
31951
7586
1712
27216
26863
2089
30102
26107
17251
28695
28002
30328
12019
11387
31001
973
15479
15447
9576
18125
25249
26839
15895
24024
41042
16710
9238
1572
27533
10108
18748
39114
7881
31870
20780
27318
21957
23378
16135
5314
25176
29622
25026
11652
26240
19549
20071
32702
16883
16904
22043
31192
15912
20321
4642
35546
38870
26359
5087
12557
4247
6185
7092
31618
26325
18078
16591
33307
39751
36583
3204
18340
2467
5440
23160
20264
7076
26925
5051
36988
22479
35825
23295
37760
518
26535
1261
5212
20866
27383
5861
28539
36898
2599
18324
27637
6792
33691
20996
11933
36314
35799
21938
27464
4489
32562
28644
14274
34594
38463
22344
15660
32329
22137
26296
41318
36128
10730
9688
29944
39551
22037
23991
39337
36873
17544
4843
32148
17234
12751
3176
40460
9074
40937
38606
14700
25280
17158
2804
21161
3082
38005
32638
24014
40733
29017
10101
13078
12642
8044
30646
15920
20321
6724
5753
23260
14096
18451
31837
27584
37163
28010
26665
9501
40058
32169
25575
26284
8787
39502
31457
7244
6020
18131
18260
39637
7649
15968
36681
1989
35087
26351
25058
35589
24951
30693
38667
2284
20056
40534
8980
1836
21397
33464
24876
23668
33027
16344
13326
20062
20950
37208
39768
12314
9770
20878
22436
4767
2550
3523
17328
13217
21940
34859
25050
14
1882
15077
12101
36433
16668
8383
32857
19707
9846
8941
37260
4671
18633
31051
29889
15763
11768
15373
11387
19015
17300
27741
7936
24705
16088
25702
28323
158
12249
15326
31138
31431
26980
33867
41202
41241
39345
492
14804
36112
11372
36312
41011
31409
35996
11792
28034
6148
21683
1094
3926
16909
37773
28912
33403
18773
18849
27234
40673
8648
33505
39780
10986
6745
20001
24728
4409
26635
5053
17553
33498
29885
34944
39562
22155
11675
13292
15449
38235
4082
17614
33912
11218
37826
14321
38041
38749
30992
10483
9377
1544
37807
26905
2753
14694
1340
9763
41385
165
954
7620
35689
13393
41358
17654
16545
34866
39390
8339
26768
14740
6328
8561
27854
30342
22196
20268
23141
36111
25043
2121
17206
32159
7472
22908
6850
32804
38184
4817
10965
26579
30615
38670
13886
35830
2348
30719
1935
10370
6227
12396
21899
20816
23180
5579
17535
11428
2151
18431
7336
24066
30314
28018
30778
35464
30896
4336
20941
35114
40560
22411
19797
15418
32255
29313
2164
7575
41073
14369
15619
40934
26451
32030
21807
36296
21355
6485
5879
33086
30466
2687
26348
10582
29048
23358
20758
19410
21987
12194
28877
21473
38253
15488
2088
39456
12518
11873
20243
476
29744
19944
35787
6073
25180
39453
40631
27793
17898
3604
37634
30603
19605
22810
21984
10420
24577
28047
13592
21775
27892
26345
31468
33914
5922
41135
15297
29513
4576
17926
35775
31767
13758
13707
25548
28275
31358
10786
34413
15228
35183
37486
21316
10075
9019
31698
13466
11496
4750
30974
21165
27791
25775
3125
17156
4986
31826
15360
25187
36575
29824
21671
36806
1417
34767
22347
37038
15428
10993
4285
39855
12117
7588
740
4565
637
4331
14423
9472
8135
11561
31522
220
39706
17417
38053
29731
35783
24260
38671
9735
311
34277
18285
34106
21162
29803
31904
21354
30595
25790
9341
31385
12761
33003
33026
6134
10027
9493
24226
36383
4041
35323
30596
37097
33096
12940
21210
5434
7183
33489
22527
33788
8177
22167
33670
7728
8234
26806
5193
14127
41472
32774
28222
14356
33823
2566
22640
15617
39848
6243
12387
38310
31955
31556
27093
23728
20395
34701
25072
39297
30202
27863
631
1054
35386
23705
4560
26167
11188
11428
23586
10818
36164
26786
41279
18927
22040
17709
28200
29262
12324
12317
27082
40527
30448
2492
22580
11192
39922
25949
16380
14088
4288
25390
7897
25495
26291
24856
30232
7102
19379
28048
18102
16832
20437
3047
12930
40216
15707
29730
30616
10665
39114
11672
41392
17837
27033
12368
38350
8276
8334
3419
25870
36409
18572
28274
36742
16287
39695
37776
25428
3383
33433
39097
10727
5559
27957
38436
25425
33891
10616
16865
26580
34112
19261
13604
17367
9658
28530
40728
10474
6191
16340
7836
20080
2700
34671
31493
17278
27828
40674
22556
10284
38264
3007
9443
1622
228
20614
30328
11538
31644
10239
33134
7099
27663
2535
10474
12972
25870
1700
38228
27618
39807
3105
37810
27665
7777
30977
11003
25432
39723
41190
4830
3748
14534
27091
10297
26865
2576
21486
15851
26774
25796
15021
19596
18783
3051
28319
30031
36536
17193
24453
40986
22416
38320
10048
20238
22094
23607
6575
39652
13512
40494
22856
28206
10704
18082
10165
35114
4855
15557
11870
6348
21207
7956
3120
1295
38228
22927
5411
17710
21195
33969
1072
3254
5933
5212
18344
6116
13706
1936
4703
31090
24652
39278
12600
1337
7580
4931
134
38166
37960
17634
32324
36189
24620
15417
5135
22355
25561
9528
9012
40930
36052
1198
18555
11958
23949
27371
19279
6036
4081
16250
26980
23302
11518
18845
16308
11495
9902
8076
28155
10993
31197
31092
15843
3772
21143
36693
6796
11625
8228
33993
26295
21098
6959
35421
29161
8938
16959
30397
31628
2536
14415
18492
731
19803
6151
39722
7202
28441
13758
16688
655
25555
21413
9946
30855
17993
15465
13467
11880
35164
17432
7988
4453
32893
30049
7421
21801
28052
27003
27871
12148
34910
28232
3019
16101
30547
35096
14510
35733
37850
13309
36297
17211
12871
23812
32025
39749
22047
16261
2770
14844
19784
30454
35507
12153
21080
27758
10695
40042
1566
25766
34252
21018
7980
36550
23792
27941
17562
30688
4546
40463
25631
715
7305
20701
6810
37038
32905
18745
21001
11278
11916
36130
11494
32406
5053
8573
24213
14146
33203
18380
34834
8982
26796
40019
6292
3527
23549
4389
23283
24179
22995
30086
1645
13156
30717
6196
16931
27097
24483
23309
13259
31297
32201
14912
38118
723
34012
18162
36065
7932
16115
16212
4882
5602
38807
9325
11513
15148
35605
9956
2378
12731
736
29586
27056
21962
27250
27525
40770
14140
7215
16337
34378
32445
4855
40517
15379
6228
17116
33410
26321
15583
3496
31037
28661
3201
11119
15095
15023
11203
40675
2775
37136
38054
8870
37997
25169
9627
23533
37622
20773
32991
15592
36884
24513
7697
34905
21985
30743
17087
23250
30882
25907
36635
32051
17667
36229
40059
36094
4633
30298
29291
28705
39353
30897
27650
23106
37287
31286
39100
20162
39133
32406
26885
31285
8093
22354
40966
12942
27551
3444
29121
3663
190
2402
29586
32573
40415
19254
16014
34989
37615
39750
31834
7169
39006
32749
28982
27865
39092
24244
24495
35879
7672
5072
24194
11589
6417
20133
18189
32531
5804
31388
3860
10078
40615
29819
12777
7705
15333
10744
3401
1108
25754
19992
677
4317
17747
2735
9566
16543
15846
873
30096
37727
35305
6312
41366
24473
30858
17669
12856
14616
5397
32590
19399
22004
29987
38679
9995
11733
41494
20701
21830
20468
31746
40848
29534
33281
12931
19425
18110
30432
36073
5809
200
4461
31595
39527
1724
21406
37496
11259
27964
31165
10203
6941
23166
5027
23410
11781
28218
75
31708
31735
17592
15650
25743
34403
27905
28577
23741
8932
7564
24198
4457
16898
233
18417
4127
28239
38578
10625
20709
31256
35810
851
26520
21671
29075
24176
23628
18247
15782
28491
26894
9782
15776
20495
26512
29239
40768
4425
6890
30254
12280
20235
21793
7944
3051
2226
32077
29601
34815
8728
30064
25889
10792
30381
33920
5043
34585
9938
20244
11343
5883
11352
30347
24115
35626
41197
29072
15457
5637
20057
12665
10979
24616
38090
1373
21488
39773
35352
11699
19196
5467
41139
6106
126
13127
12996
14512
40489
4655
20821
11806
20309
38368
30791
19588
28451
38683
39406
23923
13372
4369
38134
16468
16452
36797
10153
17563
7024
7117
3673
11478
37004
8296
16431
11895
1714
35980
35550
11656
23390
2027
38976
3685
17688
40139
38256
23713
5890
1915
20849
25118
18193
39540
30340
35033
8446
8698
35003
3799
8212
35609
20249
39946
33063
4584
5774
33845
21231
9503
34414
266
374
974
27710
15615
22563
8114
9131
31501
16910
16298
28720
21224
30274
36455
18264
9365
2317
28749
7272
36368
280
37035
28772
10630
3128
23297
32778
20360
3876
6032
28379
11775
1839
27441
32067
24847
7782
25582
17257
33083
38728
12877
31325
22230
3624
7707
24614
33946
21179
13175
20211
5643
19785
27750
10564
10546
23132
33800
5122
34416
12417
14546
13138
11715
34055
37260
12151
33326
7017
8041
8653
9264
40733
20664
29215
26446
34565
31943
7953
20677
4203
5407
17273
18666
29035
12913
29752
14410
33219
24220
12264
33789
432
337
6285
2143
22195
17687
41329
34615
30391
40259
28707
10297
34354
3271
3526
24379
38441
32296
25845
7190
15793
13565
3686
39226
3549
24413
35073
35395
16426
17020
28030
8127
32788
181
37484
39379
40785
11167
38578
28238
38803
339
22410
28834
6763
35379
13408
15407
15405
33470
3795
35332
26264
15645
16781
2648
40069
40513
30405
12333
12401
17087
20139
31522
1726
28926
18812
6900
28430
26828
15647
309
23932
26551
5047
8192
13936
28384
4591
37903
12261
27943
30098
11543
1355
26549
9060
25891
14567
29206
13363
40626
28966
24036
6978
33591
2248
40428
12747
2759
10749
33713
31395
22859
9869
21666
19297
11200
17136
21714
22733
22684
20825
35702
19036
14126
22219
9693
27599
36994
5735
23644
8505
43
13963
36169
37905
6151
31
8980
22807
19589
8101
25889
25181
32212
40442
29735
24996
37111
30573
36314
7722
28512
41322
32770
37424
9334
28920
40327
12537
12966
31339
38984
17477
39333
30535
38438
10837
24607
14179
6606
27551
24829
3425
23235
30682
4985
21879
4170
38464
13347
1424
8387
38079
28456
17461
2995
21889
20186
29182
17294
10919
18702
14067
12005
7025
40412
20877
27484
29929
30178
16850
16058
14384
20380
32520
24808
27585
32686
3710
40321
11283
18520
38466
2479
29147
18082
10622
33823
29711
2076
27370
3595
10530
6789
27224
40027
24279
38006
6736
35588
22649
11915
36928
17908
10238
12090
24899
31640
32646
16210
4852
28127
35645
19721
33714
23685
31624
35000
11305
32633
13567
16311
970
24487
17763
29978
23600
40690
31553
24152
12936
25579
40592
35991
2506
37880
23849
33752
38234
40185
40770
30669
11415
20163
4361
36343
27771
16149
2037
20054
15098
13924
7936
15398
4342
6924
7129
23683
36447
6441
9316
27533
39436
13612
16992
20871
18273
28308
13674
24753
24595
37656
3457
29482
34516
6785
7634
40581
22063
21628
22398
17145
6675
32749
36423
10586
28284
37944
23727
24214
35065
14335
15755
11442
10744
34154
23222
2253
29812
7903
6108
30073
7501
4528
29668
26441
4142
18240
17009
5369
28227
5535
31039
39272
23881
17378
2812
25260
38485
15398
22859
19639
5327
1804
32910
23904
31087
4793
38851
5125
33443
21136
21710
16327
37950
4361
18639
21204
34719
39940
39797
21358
7759
35263
36624
18842
34544
9252
13473
37956
20662
37890
9697
2948
14731
29889
4366
7066
5914
5167
6986
11320
34714
25471
12428
4848
30644
22552
24333
11751
26945
20600
24389
39965
1404
257
26396
25142
2019
15534
11662
141
11628
9746
27943
16604
32083
33648
9248
39087
29706
4654
17635
6364
1379
4053
39272
15963
3384
5395
32361
11955
9561
17045
25937
38773
9914
33943
40759
17451
1364
17789
13959
40133
34194
39696
19481
8664
33443
3426
20049
36856
26937
18417
39321
13117
37452
29888
7613
20228
13765
39903
13046
16411
2321
22991
37932
29047
40759
10475
14
9275
30135
39063
4978
17689
27004
6
16872
28266
29845
4976
40952
3135
21702
20585
3810
28904
37075
20220
39623
6009
1240
38477
39680
25238
13122
25007
9454
9910
33369
7384
25598
33262
20547
26446
35709
22061
22651
11697
28962
38089
8057
20431
28561
14073
20347
14015
20907
2505
6894
37003
913
34218
2715
37378
29873
34733
3771
7177
34593
19622
5653
8213
26291
12831
39378
31736
1022
13757
29889
26544
10309
36392
29666
34448
3201
4682
26880
16780
26946
25333
20671
30741
22126
24760
10942
21828
8093
21660
18120
24540
31634
30793
5263
35557
28956
7342
15032
4431
12411
20328
15288
38005
22754
39335
25816
5710
34578
27148
446
24784
12638
1693
40790
7459
32830
14714
23516
31301
39549
5183
35135
41109
40099
4908
22890
2096
17186
875
35481
15399
20759
7203
25968
26972
12504
10437
20536
29666
2197
24206
15590
6190
35341
25985
40982
16084
18368
32912
2454
10712
20089
10138
30440
37773
5250
8670
15916
5148
6627
32451
40170
4460
24996
34706
23454
35737
16519
39688
17072
13096
41448
969
27920
35819
10235
32898
40994
21753
8279
22220
33011
37658
1711
27534
7614
2381
10164
37237
21772
7215
18198
27282
3940
28487
6850
40632
38263
19114
30072
29932
2986
18968
27400
38656
32306
22594
591
21687
19306
8394
28250
9131
16834
25452
33528
3519
25451
12268
15296
32878
16705
10652
8240
12302
23716
40766
11917
6761
36471
41190
4730
19314
5240
423
25290
23587
36516
16149
34772
23445
19438
34429
35473
121
33452
17325
14819
36480
12292
18220
37837
5577
9832
5226
22663
13111
30257
693
29129
28761
3926
20843
12912
23966
18594
21800
18938
35786
15867
17145
26145
20052
20839
6408
41029
21480
15731
9525
36519
11172
4540
6441
6889
16258
21197
1956
2060
33752
31541
12413
25058
30345
41208
39142
12614
9237
26006
10969
29735
29446
12373
25666
12126
1929
24588
4534
21502
36606
19434
2397
37008
31355
17762
23196
38848
35222
40630
5195
4965
35667
5907
16576
10993
7615
20557
8488
15123
40375
4017
9680
40293
40251
4602
11528
39232
36538
25984
8106
28684
17435
16756
16687
20230
32279
34318
38671
30963
4324
38712
16761
16594
40265
22350
11076
41206
12236
20610
32306
34527
2050
11528
36127
18356
24926
21753
20214
16615
31206
10197
38135
35834
729
39474
27788
16709
36266
8133
3460
1831
5169
5080
36465
19866
16597
214
35689
39229
22593
13625
18076
29779
37259
18385
1774
12547
22574
16792
20238
30776
34214
15007
38866
7043
34621
4902
12824
4379
12954
35166
4181
514
25843
2545
22853
7223
2901
15277
30287
38512
33528
41420
14845
7618
7994
32510
22422
38592
39187
40039
30838
40882
33081
33697
37499
35798
12234
2202
36628
19565
13427
15630
37431
39367
4
24491
5089
25031
8790
32324
309
9519
18182
16762
9687
39772
30798
2422
23482
21475
5001
16765
16964
30739
34276
36547
16652
34404
39889
18268
36613
12295
23635
10891
11401
14187
12640
8904
29049
11555
36663
25560
19181
33432
21630
24251
908
33462
22663
27077
27865
35964
19996
24167
2027
19070
19832
27768
13405
24008
7041
39975
12355
21212
15022
27150
25878
33231
13032
40940
37509
18774
30933
40659
845
1644
35924
12934
10703
6227
1463
1874
23331
39442
1865
36928
36657
5117
29001
23709
10833
15952
2161
27354
22793
14876
28722
12898
5102
22720
36830
8600
20065
20136
25007
23129
33962
29159
19353
40310
39057
886
9233
16493
11676
8001
12884
25915
9130
26196
41302
35802
3655
4203
5746
24540
16842
21454
36772
5901
2081
16348
34314
25351
21107
17266
38659
24018
19382
19230
16271
40428
18057
853
33824
18614
15813
39059
16817
4875
37694
20024
20958
34079
17612
1708
533
29298
5307
35450
35500
39856
28250
12771
21949
9716
39196
41043
14682
20475
6011
39849
13460
35734
19631
17359
23481
4666
5929
22387
38032
21184
15198
5402
142
35503
34384
23386
1437
38207
8384
40012
6887
19331
3282
19117
22075
693
41273
41079
23640
6234
3719
2881
38849
29860
7822
4279
4885
2339
40580
13631
26512
15342
18114
31998
26602
739
6274
32775
17108
15292
13379
12975
10962
21026
25429
27576
21534
26339
25749
25614
23318
26495
7972
26168
36608
29202
26304
23873
4787
34594
40421
36456
581
38401
24389
23544
30177
18872
37254
15371
11604
5464
3361
15445
10318
16485
26169
24472
14528
34447
11804
30361
3676
2547
15106
34829
7137
20985
27816
7531
6755
2697
39761
26790
32204
8328
28032
8977
16005
21222
36738
38554
32529
38061
22907
34970
33288
13350
26347
13143
15610
7285
34008
40282
29758
11475
12349
18414
1932
2957
12459
14452
6689
32335
24737
15679
4946
16286
6267
38382
12495
25950
17888
14052
903
5456
14156
37079
40971
36326
5211
4356
35677
467
4418
36026
34697
8001
29598
3955
16218
17344
31555
31778
16774
17048
34588
36350
26767
33139
23928
40855
27800
36032
9309
5340
16699
1021
33733
12441
30370
37830
24561
25304
25445
40235
8456
10919
27897
4345
22705
30290
12249
5812
17830
32088
22660
17583
13561
20639
5590
11203
28190
13241
6253
39902
4555
18596
26469
6523
19541
29049
18978
6524
21279
17943
28469
24062
36622
35053
20166
35630
27634
23674
41180
22602
12284
10716
18794
36447
17050
27428
7613
39914
12508
17610
21047
2899
18741
36127
26165
1142
10363
16005
18336
28962
36222
13531
29944
26046
22089
35231
40797
27595
26787
3096
31945
40950
7639
4217
32562
17123
10617
3886
23805
38817
20295
30394
30039
6186
10218
9459
4808
36886
2583
2416
37236
13608
33959
29661
3498
5241
15575
6258
35060
37531
16070
3193
39086
7731
37625
18349
41100
6638
31190
22317
31097
24549
15936
18716
14868
7652
39111
39508
3197
32986
14048
17232
27461
16547
30329
8285
16261
33290
34335
12731
7382
33287
21938
19418
4365
12301
25858
15309
16363
15373
4314
24230
32731
40429
357
21778
40948
8856
26728
36038
32288
2866
9405
30478
3618
22908
8739
41230
5681
26903
8358
39138
2460
33013
6243
28965
35298
7154
1658
1734
36130
8320
31408
12173
13575
15134
7756
38267
31322
2088
3347
30797
29373
24712
18041
17022
37649
37153
14615
35129
10099
30134
27279
35146
33175
23152
20434
37660
35382
3600
38034
10716
8259
21676
24624
26603
19061
11776
16898
23976
31921
19072
24942
7880
13575
39829
18086
1876
11740
3318
22898
27805
981
12008
13445
1645
23598
34880
26145
882
4847
34307
10964
23769
34094
26131
11776
2369
27832
28301
23725
18354
8093
10773
11432
11091
35176
24506
25468
22702
17467
25902
35058
30427
5626
40287
21775
40195
40286
34446
18552
29938
27340
17322
7531
17014
10892
5119
39869
22819
32292
3188
12508
17696
38850
23269
28394
40690
26910
27051
17344
32505
15804
36488
12250
26366
26017
8296
19208
34999
35464
31625
12345
15368
13591
37226
28606
17032
11420
26297
23099
36350
34691
11038
29987
6290
23784
33568
39808
15681
9809
8308
35006
10724
7658
15950
20923
13901
8604
11038
22690
5940
34813
1631
30127
40443
12610
31169
25561
1926
5441
28650
1024
9008
25536
30382
33210
34590
23887
329
34733
37201
7611
21913
38575
16134
29599
29905
13977
23061
40083
13140
6023
17461
3323
29952
18717
13861
14407
27895
38939
28608
21770
16277
28887
23174
37210
31141
39311
36377
19656
1813
5810
4924
32007
33898
24905
13474
37736
28366
13979
13051
4178
1992
34151
21901
34600
26776
6505
27805
14006
6296
36668
32104
19929
1195
15851
7920
37164
60
13222
7077
27346
36522
9765
39098
16359
24024
874
11488
34012
16312
1845
3764
31615
7115
4258
38259
30103
13308
236
15509
26481
10364
4773
40246
34238
26538
24486
15069
37549
38927
12203
30802
14413
19162
22958
20709
22131
75
2966
19607
15044
5883
24763
21355
16385
8228
40119
28328
38188
25276
31511
10822
20957
12604
19428
27175
33003
28827
9006
25756
15782
20465
16966
11625
940
9048
29117
11524
5907
20707
21459
14506
21586
34986
8046
28265
13202
11209
38377
28255
40657
35911
8188
18167
39212
31993
1163
8055
27629
23331
15492
13117
29994
677
6721
22391
14658
38588
10198
37425
31489
1875
8368
4434
4831
2332
15901
1822
8378
6682
32087
27473
25681
8531
10670
11339
5736
15592
37922
27682
20867
24060
3000
41425
41012
29542
16595
32695
41384
39494
17690
10897
21879
31997
36604
25261
12205
38886
11921
39307
36478
16740
7309
10093
23620
20879
8497
31976
17974
14652
34330
18384
25756
20012
24232
5045
10948
6538
5718
24823
25718
2081
21919
4656
34768
26153
33339
5366
39105
5776
4526
33635
39004
8309
36996
12358
2534
13509
29321
6479
10828
38017
17501
9440
3951
33735
12836
22480
24900
19415
4997
25401
4662
38637
25037
34485
29757
30366
33259
19196
27649
22833
25225
26024
31825
4155
20057
25928
8919
20990
27939
15864
35426
33717
32308
20280
2710
20281
34643
24886
16541
5740
31720
4800
40012
38812
37280
22035
31684
37172
15097
24960
34547
9889
13766
7027
3645
20386
13094
32528
15964
2951
27454
27063
20230
25321
4074
27891
1756
12466
33195
1129
1971
2348
33611
29305
34591
15746
20591
32501
18471
38005
4292
11358
39445
12836
16703
25256
22189
27123
309
18485
14874
7144
27024
17203
9270
32406
38753
7705
35230
26038
18398
23144
16854
3178
33658
32377
19329
3689
6259
39427
23086
6417
12543
24840
13789
19501
22083
31610
30647
17332
41150
20057
853
35428
35374
22131
22518
34126
9270
11937
29118
9206
20145
8453
29006
24301
22576
39883
36890
30652
8931
15278
30356
34702
1483
13448
39338
20225
39329
11904
2268
18194
35280
12238
1986
22425
446
40338
31328
6419
1460
10366
7828
31798
11176
41364
8515
13357
28408
9724
30474
15924
1347
38804
3508
35749
38292
10941
17145
32385
10392
14227
18924
94
22566
3204
28992
7630
6605
22307
37814
41068
17998
6081
5806
18395
11792
38180
31418
17820
5273
25586
8737
2980
38749
14060
28954
29642
26759
35168
22736
19525
36224
12756
30418
37207
18929
9829
1822
29243
19982
35695
29018
40959
3664
36608
35698
30441
37819
28355
10514
39327
8027
26437
29797
15082
393
33723
10970
6053
22326
10546
5815
12755
29111
12360
28505
28006
9146
23145
13391
10102
754
5963
27600
27069
6669
19040
10559
12429
18933
16731
4981
26481
34250
27738
30489
38290
10011
29015
33579
36350
17124
35294
2756
22154
36575
25732
20303
30048
10092
5383
16993
243
10822
14416
20053
34283
8017
30663
27500
30028
675
22305
9775
7391
40114
31315
13694
32514
8335
31149
16996
18763
10392
36736
28826
18795
13980
17084
29106
32124
19633
1808
10273
23334
19525
20547
3693
2344
35525
15159
16776
41116
1659
15447
31604
16978
2939
7908
40709
33182
11035
9361
19719
19164
38943
37396
3971
5963
34546
24966
12073
33260
36731
18048
40183
39017
19618
30075
4391
8227
2107
20601
33834
39111
16244
10011
39586
23093
24895
41035
33706
36279
32488
4751
31398
3630
26004
10877
20276
25096
33128
28774
34976
14087
12530
9066
1045
17240
12236
39065
18528
9334
26527
22344
5267
13362
33245
18554
11733
2412
36316
2509
3198
31945
19456
39004
37985
7763
30074
33106
17074
40747
17619
23604
27422
4414
5608
23147
21950
6593
34626
11714
27453
25756
16391
11139
5317
14516
41092
32029
6910
25966
38564
2882
30962
1293
3621
9942
39235
24068
28337
39256
35187
16447
7681
26108
29893
25388
12088
21421
17617
8327
1732
35329
6416
38462
35121
23174
40745
6407
6300
40243
26094
32981
33543
31593
24409
31214
30599
22069
1694
22837
33398
32036
40622
3803
21526
12041
41418
2919
19244
19948
22082
24960
31037
35751
24442
1186
6089
17697
31211
10047
27087
30426
4604
33775
20290
1876
17325
29131
37767
35335
10849
921
13671
22489
35940
9357
21463
12531
10181
32010
36959
96
18086
33507
32232
9268
26098
10669
21543
38714
12308
25608
36511
560
1513
12936
39433
7970
7686
9645
39776
27461
18260
28330
20624
10673
22674
11757
38487
33264
13463
20910
30361
26557
3969
38270
6375
38105
23760
40678
25117
18803
5406
26730
22729
14596
17565
2707
34849
12828
41384
16445
4406
3820
18124
24686
19349
26295
12908
35699
9707
38732
31765
27892
9421
16412
15908
29307
38657
27300
33882
8229
14110
29747
35762
3828
37804
16355
12478
20460
5052
21407
11924
25151
8260
2288
8454
17435
5094
11307
21477
36480
31218
31007
31158
95
25627
16958
607
29748
10156
38560
37973
27820
33869
10096
165
27832
10519
5551
30564
31962
8590
30982
30912
33420
6259
30834
28343
38684
39817
36898
28335
4358
18182
4250
20964
28503
39794
14450
39133
20646
11411
23030
18848
8727
35520
28978
7180
30454
8066
27181
33028
3439
6399
28173
7232
307
24082
22124
16427
33328
33432
32716
18503
28957
9335
25724
11829
2283
8152
26585
10585
25910
2329
15130
27211
24909
17014
3725
26788
29251
27335
13618
2338
18047
25086
10004
38897
21995
27924
22725
32963
6026
15623
8497
22941
41246
38355
1889
16825
14313
37767
9682
28089
31236
4498
1136
17439
22349
15594
11220
34482
865
26856
14696
34577
18716
22770
37552
40943
20265
7760
10281
28755
30035
26909
3178
9334
34538
20549
29457
27999
2088
21635
11942
17472
1258
36585
7557
21703
17686
12751
1563
14523
2781
31461
29548
39385
14078
32780
23659
38487
26897
11359
37548
19904
22999
5129
10694
30822
19841
673
36005
30587
1877
26827
23090
14457
1269
37725
22037
17111
9112
22218
37877
26647
1664
30103
3132
20020
13365
34681
37607
13374
6990
34133
838
8823
39866
1
17077
30280
13717
27199
32381
17403
10775
4126
4875
35818
16772
32030
20471
26561
11132
29599
21199
30610
4631
23758
1880
20238
16299
38684
19059
245
40996
30236
1432
34056
4486
17197
3142
31315
9251
39979
634
36809
16789
19975
33158
26149
35546
2856
39269
3122
13341
35010
21012
12074
38798
3662
32495
4638
1994
24159
33731
36025
36164
6876
8039
37920
39594
33236
2126
17174
15330
36264
31843
2540
27319
3632
38926
35852
13972
41396
24277
8529
38038
24469
5139
35746
37044
14812
34404
22510
24763
8188
6630
36451
24763
19965
23773
7139
13731
31108
17640
1513
15396
22048
8259
11468
32222
6028
41164
6529
6963
17232
30787
34030
16902
8366
24179
37304
11825
20726
34596
34588
19719
29748
32544
41207
6866
22023
17630
27742
38279
28138
19092
13161
37055
4767
27891
10020
32126
5448
18447
30221
8312
13072
19368
29551
1475
8241
3242
19353
30557
17325
13499
11547
33961
33617
37804
10484
32938
13485
17532
26567
18005
4533
16395
10835
15435
33488
18409
1835
13650
8325
29279
31341
32107
26497
29862
16773
8756
12040
12345
9550
3397
10830
40304
16408
40158
16716
4656
2928
33409
21843
28601
4408
3812
14142
19985
25695
8509
12111
22303
16562
7099
37783
13073
32411
15036
8429
23694
20229
24665
26667
40717
1728
26708
22324
40243
34238
27331
23989
2932
23601
41119
4240
16735
38737
11302
6419
14899
12349
15058
9263
2760
37912
20792
16128
31104
28958
7440
5386
7538
27819
32876
25492
40179
2067
9958
11885
24380
10391
39658
35201
24101
17858
15851
40838
2270
5851
3313
20584
32797
24353
12711
18636
40169
8056
4076
14594
28960
15410
24691
30078
7819
39898
22231
10234
1178
8432
31380
30401
35337
17839
32835
9654
38666
13779
29079
14284
9983
29639
29577
14786
2675
23060
13605
11775
16007
13092
27578
35741
13031
11920
23830
1009
34570
6163
8423
18644
30783
28718
17552
34533
37535
6767
25898
12952
24764
39848
19422
16530
6429
17459
10552
16825
26413
8163
27710
5547
31191
34161
9425
24156
1401
2906
22554
2133
28795
36740
22168
1542
32356
13174
8994
20576
24866
32278
7491
12927
5932
40260
3459
17665
21944
28481
26175
37238
40080
41241
33610
38427
29735
12134
9396
18334
20265
11817
37931
11095
30997
7928
35994
7284
30356
5195
15688
41381
12116
4932
18584
36581
8286
5683
22971
29883
15438
29363
24570
12575
40725
35640
11653
24810
10124
23483
35266
29630
6328
28432
5381
21919
27794
30378
15232
21924
31331
38980
31080
32417
41338
25914
36938
25395
1508
38048
17119
2779
39631
3188
37626
19847
40488
10324
40539
40826
40700
18483
20853
4981
37071
901
21041
21207
31132
11782
8324
39494
11588
17864
16018
21681
32680
6248
36656
15812
28462
36538
15950
51
14959
3438
34715
10067
34805
31060
3034
32090
35452
33283
27148
21664
33564
23628
15123
27618
10306
35637
5655
1348
15292
7195
427
11561
18810
15746
37453
20829
29154
29892
39173
2858
19897
1301
23377
41146
1007
3340
264
13923
27377
40683
8150
22778
15361
21754
26949
4408
38773
11559
35878
25228
17734
41169
19739
24077
4892
15259
29959
39549
3032
29250
12014
16595
18050
648
5865
30822
30018
38511
37785
11320
22778
21959
32155
4347
41142
30518
28871
13814
32356
18695
9240
5887
33699
34754
36092
10973
25312
6503
17642
37697
15493
10005
32157
33248
4742
38618
4459
18697
37371
12951
40567
26987
40942
12135
35351
7919
17498
21594
40388
24706
40917
7638
35452
39213
15715
5647
16904
27540
23996
17543
37295
13005
14679
27798
38820
24018
20078
34063
22286
30317
2462
28278
10484
25425
18351
13054
13436
9359
18637
39020
30125
4180
29800
25042
38822
35695
16910
29067
2656
38645
10731
2119
31462
29264
2463
7837
9113
35022
1593
40542
1865
9192
9396
21746
3307
262
20866
29514
30729
4990
4602
39301
12873
34806
37258
36543
28448
38544
5572
25829
13360
14601
5201
34310
2691
13015
32068
39246
34290
27507
19519
33681
31900
21775
293
37973
24333
38391
33697
7885
23147
11273
32668
7244
32031
9139
35444
29618
8077
27517
15621
31508
22527
13723
9267
20353
20587
3425
37043
6989
34572
30753
10595
4291
13930
4753
37334
18871
8793
20248
65
25219
9781
17277
27394
14832
14394
5698
13760
12457
23202
2862
7392
22907
26241
22839
839
11845
38011
6878
38640
37353
38075
10666
5388
18095
3614
30162
18943
12983
25051
1396
7157
25788
11136
19444
21091
25467
10751
40997
28599
678
30731
23871
41321
10906
19947
33379
18948
5406
21010
10261
9319
6919
3058
20273
37473
18521
37908
3694
25191
24990
41031
38345
26240
16713
17883
39779
23853
40377
8005
4525
17395
29537
25342
5077
37104
13576
14640
7428
27595
21493
29514
31424
37182
13291
18169
12860
40380
8177
1262
15111
3380
36648
39620
19774
5430
13440
16750
19689
30095
34620
37810
801
5579
24134
19822
34216
32156
11489
10078
13516
41323
25191
36602
32736
29434
9688
6480
22369
914
30784
8633
39718
17072
40906
27657
916
18697
38431
24497
10630
11045
24948
39844
40622
8890
21345
34957
32783
6620
22105
17866
15299
173
39549
32419
26343
6716
27520
7289
23319
16309
16061
29439
32823
33469
17691
9672
8343
13924
39409
34505
37672
27000
3892
22496
31929
18976
40886
27604
22902
17178
32850
36044
22799
19128
40658
31846
2904
20763
16058
19669
18361
10106
17017
31447
24134
34813
35424
5997
21290
25371
966
37911
40659
259
8926
20843
16959
31497
10396
14111
16194
31537
30086
23145
16007
6663
21031
28894
26104
41323
18177
5824
27971
25499
20090
28635
20450
30452
33200
23729
26948
8152
4021
8655
39247
38177
16536
3212
38068
6768
24719
41385
30974
2130
8203
20732
39504
26896
36601
8475
30117
12712
34928
40452
8139
22572
3273
22011
12455
10074
34078
12788
8077
13837
29470
35501
37008
10447
35398
14327
20135
24905
6387
37442
18888
26714
9909
14850
36048
1128
9295
15513
30247
1078
35060
30962
29139
37164
28103
27905
27460
28248
8628
26537
4971
4944
41466
15109
21059
7820
12669
29446
35719
32196
13263
23087
11927
26420
2239
9743
12738
31419
19336
13999
8300
24173
17673
17966
32759
16721
34459
16139
38234
15186
21298
31892
31240
14080
20559
32545
27990
14955
25799
2158
10015
28092
12443
29199
17456
3523
13483
5937
23529
14470
24396
33076
28524
15984
22254
17612
20431
32623
39971
13714
35976
30872
26852
17428
2654
7441
16523
38130
16271
1384
34184
28784
866
22741
11776
9814
41180
40895
38732
2689
22014
12023
41287
18283
9409
10024
32772
24380
5319
31060
23949
14647
27019
15270
7418
36700
25382
8510
33291
2726
34798
34946
10016
22276
30985
9532
26391
16232
6389
5001
25941
37119
7104
29280
34615
12886
34308
29840
8306
17660
28462
26469
12050
19939
29495
40752
10225
39325
12799
20583
3771
19501
37672
17445
34448
17924
794
8285
28052
19028
14060
32698
39296
10798
20271
34062
37406
950
36484
13143
15116
10724
11653
18296
33004
40275
22735
4010
26718
14038
3648
14172
10952
27753
33962
16034
19730
3877
9841
2939
22739
28176
39474
33300
20233
19499
12483
3258
39354
31741
23060
18100
17534
30842
11168
23930
36791
9737
7931
41091
34806
37874
18822
33320
15763
21544
2846
5942
1218
23977
9765
35449
36459
7131
28358
25780
7657
21499
19057
5971
30339
12518
29658
29396
20421
6796
24931
25232
32061
37810
40506
21653
4781
16404
13203
31865
7537
32674
6698
16982
18043
14651
39851
31545
1940
40859
27341
22077
5029
30221
13598
31639
9032
36447
4092
41405
5501
19574
26954
9410
32570
16240
39188
35455
33726
8148
34269
6147
30752
753
3748
20642
24641
17836
24737
24629
37977
29542
5927
26321
38216
18171
14572
31615
35551
12727
1651
27141
19937
24474
39207
21545
8009
23928
31558
11882
28628
7855
8282
15143
24356
35622
36089
29157
5480
20563
32592
6449
16278
9248
32780
14591
24475
19529
1883
29458
31332
417
13926
13680
35000
2955
21573
12853
7994
16086
11268
37071
11313
6556
2493
31951
13776
15305
7340
37649
17259
38249
3395
253
32192
12581
35811
3724
35271
39784
15534
21811
4810
20893
20374
36690
10067
28327
35078
37172
17835
17416
37730
35206
17414
40606
18777
38124
5746
6506
7374
184
4867
28769
4152
26702
24863
5788
25912
20727
10682
16164
11435
24184
22479
25061
30227
22660
17026
5827
36483
30980
2902
7406
10816
9064
29889
34081
4420
29007
10679
13859
8626
22012
41263
11239
22538
38558
12035
36938
14324
31770
35469
26742
18235
37691
24573
27865
27662
25478
14412
13667
19726
33318
26165
20794
21017
35384
33589
28100
27106
26488
15465
36316
38734
8957
29779
27473
7954
32765
796
1044
19892
36998
5423
30416
9724
40327
6503
6749
12530
11312
38906
2011
20158
5070
2907
29174
20861
40596
17091
38036
25620
20253
19555
28250
14213
31763
10474
3197
210
29082
9653
40400
39802
29347
41457
10493
5935
15978
13530
17210
35427
3836
33703
10803
40106
7587
25764
17065
4137
2452
12160
33689
6620
35036
36179
31674
21671
37180
33917
25884
33215
32627
33321
3168
34977
28086
4195
3196
35
6646
15674
29465
32148
19501
33602
36771
16947
19
6624
12799
30062
5239
21084
40596
22571
1153
36741
11182
8425
29180
17069
14534
3314
2435
39607
26836
4172
23727
35949
15684
19167
24027
36600
8038
931
4335
33439
15606
41103
9657
39232
25402
13152
23319
29136
26560
31633
23745
13490
33358
40062
19022
29545
11766
29157
35433
2990
13776
12590
41191
24479
36735
10781
15415
35670
14652
22550
35913
16052
1197
39735
12466
33196
27542
37758
19589
24648
17398
15609
2236
28419
37958
11225
13488
28718
35854
22952
4912
21567
38568
15588
14706
14378
25173
14664
40839
14976
28105
23333
25663
1185
30096
26036
7182
28581
3132
3938
40575
10459
36745
41367
3805
3382
1175
7278
27627
31368
566
35035
12190
27047
12112
4233
2297
19467
26911
25468
14414
1541
30786
39477
9209
26531
8178
12669
28337
4867
25931
29579
30060
23828
25861
19694
28748
13539
35102
34315
13983
6770
3734
24396
1529
22733
39473
4261
30882
22169
33525
36581
16887
33734
31652
10351
29545
40382
1264
26639
6043
5205
23830
29344
6372
28145
7481
18875
31736
29221
12416
37990
39584
26869
35475
35871
33243
1717
24197
32892
7033
22207
37570
7321
38452
28660
11719
32566
22516
7790
18107
19083
18247
5026
12205
8167
27663
16013
13474
29858
4665
18286
10336
21948
29389
35076
21229
8823
6434
14080
37942
8892
931
38352
7796
7749
1341
5688
23782
36153
30324
18415
16086
33093
32604
17011
24357
16505
35988
9395
24037
40858
24675
28023
15840
2988
39263
29133
9015
34065
25788
39435
18985
15103
3051
14175
31322
24631
9334
40246
3813
37533
9089
9624
22206
35393
1338
2201
21393
13042
26399
4145
4671
23698
22669
40992
5643
30479
29682
34931
30611
18732
32714
18505
799
12454
8261
26662
36804
40728
1676
15852
38748
16159
18744
17263
28821
38239
40738
21173
33409
37221
38912
38196
12951
20968
33945
17872
33444
11780
14066
2693
30182
39695
34187
12865
30014
21051
9810
29435
37
33717
20738
2756
1837
33319
19427
2719
13632
30507
40783
688
30029
17789
7942
3720
15237
20219
14531
31235
3271
16785
21117
19722
31578
37141
30040
457
9007
18152
16373
33950
19186
10154
26962
25139
38733
30639
15228
11767
12015
39356
8367
20252
33625
14180
30701
30896
11140
8066
36480
14930
2577
26613
37952
10608
4414
16939
20264
34573
2795
18778
25545
646
36795
28211
1417
30344
21915
28783
22849
9295
36162
2637
8871
4002
13737
40448
13895
2367
14193
4073
26926
35726
4620
13819
33819
16439
36484
39309
28271
8310
10718
17480
16283
24717
26411
10763
33192
29408
9923
15381
4536
25811
4993
18139
26865
10313
32194
33300
20389
39173
11122
33001
35913
13693
6290
2453
30123
19580
33255
28023
8234
24091
31363
10811
25446
29866
29630
3317
9297
3702
6486
24539
31035
30493
19860
27028
37900
11992
19726
136
38289
10041
29321
41159
19256
281
36897
809
29391
24012
25945
5423
30070
5149
2014
22589
13696
33956
20095
24382
34304
24290
17667
37005
21590
25994
3731
10484
22965
8155
16662
13460
26373
33536
39156
41412
13526
27704
32056
22387
17535
21908
27323
20178
39544
26202
24762
13365
41446
14483
31185
17420
41022
38119
6797
37215
38480
1207
35322
27014
14620
12541
4978
16090
20765
36128
10750
19519
7132
26060
31247
11504
24158
18294
17643
18916
5694
38404
4157
40299
41383
22794
13984
15004
11084
29845
9115
12545
38410
21012
22584
23940
27047
25911
25937
23357
28957
26086
25918
18887
22010
33264
13220
39365
10850
7658
38339
34305
12288
32819
23572
15348
33185
28186
34584
10432
14773
23407
19615
9009
6018
7128
41271
11834
33406
37120
35779
15731
29197
13281
20202
12335
23159
33119
11637
41077
38579
26751
16489
7786
2319
10226
12516
38644
21269
7138
26715
22840
30363
5893
21839
10269
9313
40597
9838
10263
6274
37132
3225
8314
5846
32643
17646
20377
22153
10763
2483
21563
1249
17506
952
5375
2706
25454
2135
3740
32509
4405
26869
32976
5286
11457
24104
33955
25752
248
40949
26484
6845
37958
27463
21770
35039
11612
34790
5716
40282
27292
8145
6168
20380
14287
32008
22830
36515
23496
39179
23045
5188
40680
1792
28273
5770
29873
4406
34901
32387
35739
41311
30218
8303
27208
4191
21525
5088
5407
9520
39761
19235
20625
1269
30196
20514
33494
16284
40103
5819
33339
41379
40958
28533
8731
37738
7182
13343
28497
30856
3322
29385
16660
37331
35294
12770
11997
23833
4537
21915
34973
41409
40842
39898
19668
32537
33735
21520
22284
16567
31999
9555
3996
10841
17015
39167
174
8575
24889
17479
27450
1676
15015
12429
23410
39869
12261
38756
7219
4559
195
12298
7200
26159
34238
34620
57
10962
4966
21420
17031
1824
19226
8827
13924
19442
24964
27080
18051
633
18669
23957
17509
1035
12463
34776
18060
21683
27855
8801
36157
14885
7502
25402
10813
32758
28293
21359
6944
38134
22600
9644
4997
2139
38983
13536
25128
15378
25976
39894
35752
24317
41157
25895
7432
2784
21582
38153
29026
13684
11471
9270
26475
11868
18651
27251
25633
13604
8740
23583
25383
37407
12698
6425
6916
15125
11669
29622
22120
26435
38584
16528
37458
9298
11381
2041
8253
28016
32104
26301
25021
22872
18919
31577
31937
19424
12658
4770
24742
40351
15979
19861
33992
16684
26534
947
23267
16558
22923
32038
27525
23256
10199
17980
5417
31815
16272
5094
36570
694
2037
30724
18780
36933
10569
24431
22265
18785
36337
13363
36087
39714
20295
12356
19242
24613
27321
38929
23508
13573
26315
2430
27630
13531
16591
21207
18900
2591
27075
37766
7467
27419
6945
36367
870
4431
29024
37788
20473
39947
36322
2903
22434
28937
28371
8627
40861
32876
1699
32709
27234
21720
14487
8558
674
22083
16824
28789
23046
39331
27057
20464
22983
31839
37408
1934
3263
3576
27821
18362
41340
6928
15976
16545
16159
34821
25985
37987
37656
10655
20388
34803
14639
2809
41121
9354
1806
34093
41168
31521
35410
22116
14713
33065
19801
12991
33617
33967
26878
8605
8352
9518
4459
12630
22318
8803
5812
37280
11430
39591
5967
22731
937
19459
7368
3951
29960
28875
9788
25375
28479
35693
19661
1934
1216
8029
35769
20244
11672
34361
39515
33087
11309
28169
18684
7517
33732
36365
35141
36357
5271
37588
34858
31781
33547
23998
22283
35144
27145
16083
20825
4495
26134
20877
18435
5999
25154
9183
38631
34336
6001
11995
10327
6399
4466
1708
30055
18080
21221
35614
27938
11726
9738
30038
31096
22716
10551
18741
38281
14070
1499
38382
3189
29684
13718
7551
23663
11669
30564
10435
12073
18136
2347
25866
4074
10645
3660
36047
38053
39066
28007
19223
11378
20588
38890
26742
11349
1666
14337
31361
39932
30471
31615
3343
35706
4412
21879
13934
26029
37690
32725
33902
20415
20206
18169
15241
20983
39132
21153
25892
18136
2244
730
17835
6470
36799
5648
9076
17835
38047
35296
13127
12574
13740
33969
34359
20549
37617
1315
23893
9267
11883
21160
36048
27164
33383
33748
9850
23401
2851
37014
2515
15178
28018
35179
7253
15290
34777
10340
5926
29774
25206
17675
33860
29302
31057
38176
12038
28918
16879
19381
31671
12511
778
23261
32699
35035
5045
24006
40237
3310
38866
33246
28433
25997
11482
25201
31658
39476
5235
6538
28674
25937
18440
40192
16499
2151
34314
20378
7975
26722
17539
30757
29600
18108
1288
3326
9319
29908
8480
39106
20517
35272
37488
8636
30569
37240
21051
26996
26784
17440
8828
12725
22782
8786
7844
17915
20886
30020
7705
31293
28198
3401
32833
13698
23688
16017
6023
2332
37218
24911
9838
18710
5578
30721
25407
29541
18049
23096
37034
8909
1920
20357
228
4046
13780
13722
2046
172
8336
34000
7885
29953
29039
20584
19224
6181
37246
20459
36455
7008
20445
8086
16710
14049
35812
18678
3364
5706
25317
38095
37137
9149
28228
40464
34394
13839
36075
38841
10949
34432
9949
40423
14026
7282
9923
32673
7726
2625
7581
17280
21391
40170
23318
14164
8514
18442
33886
19844
2401
863
23769
9945
12174
12033
31541
9132
17443
9022
10880
32815
22731
6263
19355
8985
32503
15603
1730
10559
2576
6112
16226
10786
24377
4487
31626
5745
31627
40692
11670
31798
4481
10251
9791
20461
18628
5884
22654
13609
29230
30793
35739
2698
22427
40067
22315
13419
21573
37558
7855
36800
7732
12803
26223
16528
39118
33343
14363
13331
11069
34717
30039
25276
23505
5191
3654
4711
27080
22986
32034
25213
30723
5047
40299
34433
15789
39238
32002
734
5262
6331
30765
16533
38962
13692
9545
7575
790
3849
40999
39544
26738
959
3429
32026
8927
11758
32699
23862
6242
35278
17225
37935
27819
13642
36662
17339
25396
18648
4137
8699
24549
19761
33854
18423
17501
27528
37702
40997
17257
36823
11739
18431
33581
26485
13951
36466
35337
10680
4477
3876
27308
28171
6707
34605
35021
901
8248
6089
9781
10300
32984
40867
14982
6194
4229
14838
10785
39178
31807
3133
1048
22377
19160
30904
18721
35950
19428
37819
32447
24030
18907
36290
3031
27859
9475
28771
1527
6413
3002
2724
24050
40674
36257
26494
6824
38429
9377
20655
36583
30016
15089
39300
20443
8923
13722
6106
15751
32917
1631
811
14147
33691
12875
15299
9639
3326
10899
37320
22955
36648
833
31360
16481
11843
31626
27714
1394
24778
10085
33829
35622
20370
40368
724
10158
36793
2230
41179
26217
7769
27264
11672
6547
11896
40414
18172
4251
28075
39231
20064
25495
10370
37910
18087
34020
6787
2756
7638
35055
39233
7554
14326
10292
13270
23555
35025
16461
6390
12271
16785
4335
15493
36584
38569
36381
1257
36917
5306
17050
8061
37117
25757
11480
7809
27474
29229
10893
1678
35353
16658
7676
21924
1406
22649
31846
36490
40063
32240
9176
11187
16766
6135
4563
15606
32544
11825
22198
1301
1581
7996
3160
28972
22189
37609
8893
4612
8426
12811
26747
29908
28880
24865
40041
18682
23025
19111
19046
14528
8479
16299
17000
35248
19338
19896
19406
40322
41193
6508
16457
28511
4301
31936
10875
3210
38
15296
30305
38331
22391
27522
32636
9874
22019
9647
37268
15789
9957
34202
33073
37870
17563
37450
24252
13241
6060
38858
19588
27383
34776
17637
37852
19644
16533
532
34167
27824
5145
36630
33327
38483
17405
27175
31880
14516
33911
26455
32761
4212
33885
30528
8634
20800
30892
23503
11435
10640
30942
13436
15738
7754
4754
5169
31592
26887
10594
30477
34851
20266
14965
9363
4718
11027
11519
9682
153
25390
36394
40569
65
39376
41298
15831
34569
3102
31982
19512
9897
11309
17359
21513
24521
38898
16489
2670
6695
26951
5984
23825
36363
2297
12438
37928
30506
19321
41333
6430
1
41400
23604
41460
8509
5161
16433
11633
39158
11255
32772
24632
34755
21323
10415
30816
28641
13895
11779
27023
41315
21079
8804
35758
30072
11597
39624
34560
28181
41157
21148
12184
7871
27454
18910
9816
12604
7088
26163
2830
13621
22938
1273
21199
11963
5775
3343
37245
37961
3670
31134
39688
9288
39627
16842
38624
37897
40050
10385
41032
22305
16322
14795
1610
37370
15079
33516
22673
14927
35936
12801
8553
38610
26774
17204
8648
39508
15306
7634
33670
13824
30361
8915
38759
9027
20206
40803
12963
23394
4691
1719
26641
36838
13104
38912
30485
7014
38099
10959
21122
22020
38177
12706
24155
20584
17799
3078
5035
6325
37932
14018
5382
26792
525
17876
9625
32709
33088
35622
28964
32960
38393
31596
16676
28737
40764
36461
36209
23596
1231
24695
17857
1408
3470
12481
25948
1060
9690
23535
32612
40057
5360
37018
34758
3620
337
5863
19034
544
26665
40667
12784
40793
39147
27792
19949
18886
34441
41254
2841
15335
40132
19473
36817
2401
19701
24021
40932
6894
32778
2274
5422
25134
4752
17301
8605
37331
27681
29746
22324
2962
2883
38599
12763
12422
38926
39159
36781
2786
13481
7321
35523
33624
11010
27757
28074
13993
124
4904
27682
20338
14310
2956
30277
22859
27975
29017
39888
8402
7854
18779
32584
31065
36471
6537
10374
27970
7639
2454
4763
12027
18517
39807
15607
20911
8828
34694
40409
15119
6366
39517
40723
8590
19884
3493
38069
16543
15072
25748
30513
40722
33388
27886
22454
30993
7692
9658
16860
5644
34302
4986
7368
36741
37037
23806
40513
25037
13426
36709
10938
406
38261
25844
33856
32004
6993
1424
35248
32300
32105
36452
40711
13880
33764
17985
30110
24410
22311
23849
20249
15429
2251
32496
28964
1315
30774
17735
41151
8114
4880
31837
17774
39634
9398
38210
26750
19190
11844
218
15936
30055
16716
332
9128
2697
23978
30309
39591
23014
2081
12345
1373
22153
14975
13749
31398
10892
32569
19083
31474
27373
25488
34097
36070
20775
17862
32052
784
32000
32844
11697
12696
1830
40409
29962
27786
39979
7789
36581
31500
4478
27544
16870
9920
38716
19718
16847
8121
16212
37014
24141
15740
4083
25722
8590
35501
25579
13284
4881
11918
13210
6241
16469
34790
30142
25795
34363
27373
24861
18721
30726
16303
8619
33124
31785
37297
36427
15211
15632
20961
28512
10587
2215
24816
22717
37251
18103
9955
671
26107
32149
16766
2197
39499
10506
24385
11130
8547
2902
8993
6024
16509
34283
24155
28407
23282
15655
4180
16223
30997
36374
17026
19198
15703
8279
26398
6571
40912
28091
12055
13266
6822
21791
7783
1480
21692
94
10043
33878
25572
2999
30398
7195
10399
19285
31839
471
10854
32740
16856
24689
2506
23886
4264
5714
26343
4690
37178
23503
15920
35919
27782
14573
29688
35222
15952
35342
20592
21955
4880
35125
33565
9161
19978
17899
23433
36855
39558
27463
40111
20963
16303
4263
12958
7790
9845
31506
14541
25939
23929
26900
14734
8144
36917
17240
4291
2402
5871
6275
15208
27585
33255
23482
26874
4816
12540
22433
7718
12331
28452
18730
34794
21421
30990
7518
28296
8966
3128
40746
28834
18243
9467
27199
2003
4976
49
6702
21502
35588
21622
31234
11992
6578
38224
26079
20788
11328
20054
41096
26544
39729
2947
31262
33932
25465
8623
33959
606
31274
6508
38201
565
14066
25187
36880
31491
5909
18567
10280
32815
4399
9767
21313
25696
12075
33617
21742
38768
23013
28965
31431
13217
26586
31729
19217
633
25955
4564
12313
21756
1453
13807
38462
28500
20632
36394
12334
41356
36756
38118
24752
35256
4631
12068
5888
34916
25808
12454
15467
35328
20303
5659
17413
21814
23157
3659
14520
14899
19774
93
37054
23785
16436
8790
31412
32711
2285
25064
10317
35180
33245
15366
40315
30260
4045
3738
444
28035
28124
33506
40501
23251
24701
25559
39304
38968
21871
12062
30505
18613
27313
1056
29514
8861
17755
3801
4704
34247
6850
3655
17144
23008
17981
22476
30997
21945
20959
24983
19346
28940
28145
39285
14490
27401
21088
25356
24258
12961
12931
25852
32477
15818
41439
24986
17074
30699
8725
18272
32841
15883
29159
5181
35035
30062
17448
18258
30800
36754
3906
8454
40903
23992
19471
31434
36126
23723
16551
36703
22917
4227
19049
30142
130
7527
21420
18440
18951
40651
37120
32804
2435
22009
41061
21217
22122
17680
13741
3664
939
33824
11183
953
3736
23244
34346
39345
19048
25222
34474
35656
4142
34882
22921
38111
24517
26719
32930
40307
24584
2333
21834
28909
1601
16461
20224
21059
21309
3322
41194
15001
34002
13104
32928
3506
2381
22538
24678
25914
5606
19974
16033
12725
12003
17534
20496
28940
10853
14741
2932
27304
2274
11883
32829
23688
18933
21052
29514
30142
22983
7879
31278
26700
39988
17312
9653
7617
36149
23984
27656
15463
16917
26920
29680
33921
27174
23618
38281
2856
4337
4705
6328
10435
6334
36447
30910
29370
24253
2866
13682
664
20307
10125
16232
28499
3957
29074
12315
18660
30167
32159
13090
38996
3925
10702
38024
5255
2964
14017
39312
1790
34694
17745
7688
2996
13750
1158
29208
934
8894
22563
9962
6895
13798
37705
32759
36156
16197
24346
40958
403
10663
38583
3104
34065
21510
13317
28759
18182
21786
29684
20280
40369
17480
29485
10456
28335
6677
21603
36760
1025
17
31052
37152
21000
15363
14696
20500
37536
12595
337
27052
31395
38947
30838
12866
40705
14049
29148
17417
16866
5806
523
35953
33884
17753
37184
10513
2018
39487
25929
34327
7408
21604
34392
3752
17204
22140
11976
40407
22042
36109
25263
34702
7024
40619
18581
26725
10057
31508
21511
12844
1063
5562
39080
10296
37232
18987
27925
23331
1274
2907
18411
37211
12887
33009
11260
11176
33521
17153
22435
12261
19612
2056
6438
40961
27464
25778
24915
16953
24673
21875
13200
21010
20220
4240
36643
4394
35747
38967
2299
1201
4508
21553
9443
23392
27773
11693
33327
39988
10609
33601
30520
31978
16071
32829
28230
10028
16026
26854
19751
9286
38950
11753
16995
37182
1317
23411
35900
6797
22439
966
10502
19266
14428
34530
5189
1811
11782
9166
9450
36595
14445
39580
36507
19381
22695
29716
3752
19054
23302
29362
26206
30839
27674
24775
28195
16325
19519
27599
4502
30714
11958
27870
28328
38726
562
17305
11589
32747
25159
32370
11924
15119
13111
32772
38020
15467
16985
29578
31111
6543
7303
34238
38854
41165
27440
15546
29993
3442
28929
21386
37635
8358
38568
8560
33137
28657
35029
14755
26051
40165
33933
1549
28124
41050
36272
3353
27275
41159
25883
29827
6097
12961
3795
14321
10679
27801
22425
33781
11262
6449
34287
22156
576
37744
8997
38358
35955
16740
31945
7066
18143
36430
41027
18020
27331
25957
4922
29105
33630
18567
6820
36486
30447
39478
8966
4383
28086
15587
3061
31708
257
28878
21172
6916
6870
8150
15112
21112
14303
4096
29544
38154
35387
23989
38947
3069
5993
15376
24733
40114
36008
33336
18860
1855
16940
3051
28385
25533
9233
41173
11562
41065
11954
33802
29920
10652
16100
19596
26096
23488
30026
23367
37567
36882
16790
13301
21509
37234
3907
22200
39482
25718
8570
8657
18869
16720
27513
22309
10891
16411
2673
35286
7587
30727
25670
31863
72
26361
34671
32575
12206
26851
35056
12755
4426
26635
20624
19593
25988
22254
28911
25576
30443
12538
38109
31924
27923
25117
17481
37434
33315
31260
16469
31869
5829
23084
3974
2783
5424
11299
18626
20004
5761
19709
34470
25987
20038
19257
11859
5800
1838
39039
29870
31481
5780
5125
853
10057
33713
29435
24431
18687
15423
22924
11378
34776
40642
35660
10301
7986
3696
18148
12059
18409
27400
19366
7739
17096
10465
26910
266
34247
27366
27766
3180
37309
984
20975
8534
34627
27734
38131
2115
18514
30922
31525
35473
9864
26085
20729
28622
14780
189
32001
41486
32240
39899
26686
16802
38474
20045
5777
31483
41352
7092
23908
14973
26878
27971
24955
31384
16308
169
19545
7684
19098
13559
29079
36889
12271
27489
27571
25651
40159
11929
8074
5246
32388
18726
30975
12397
5953
35373
37759
23852
890
31163
36666
15107
17338
8148
34536
3593
5876
2894
11897
36035
6205
175
6743
26636
7546
33666
41115
8048
14726
9920
28332
9023
33039
12353
11484
32
37852
39386
1486
31128
22939
21282
16593
18805
34698
38624
31705
2476
34316
27625
14116
9538
34406
18032
37210
12814
31101
32739
56
10893
26868
8904
22382
10437
15659
34803
10539
17466
25726
17807
39396
27375
12342
23752
1484
23744
34124
1870
29071
37079
28424
28071
37828
23966
13360
8050
25838
11287
5694
2119
21841
14112
33979
28023
6818
40078
32191
17630
9315
164
5527
23778
942
21926
8582
6450
17604
3720
26623
26300
13251
23988
41409
682
26507
6779
25857
12360
31640
17768
12774
38672
17156
33956
576
9650
415
8649
15963
29836
15869
38763
8964
6255
12541
21808
4286
39890
24069
32810
1388
19616
19650
2355
10522
24913
18567
2990
16364
9912
28293
16716
32917
34254
11097
40808
12607
431
6445
18644
23413
19172
8688
14640
674
23785
33300
25209
28137
15707
15363
2930
22879
1515
6165
25992
19638
17140
5094
15642
9992
32094
10303
2249
25676
5508
7779
16660
35427
15046
2167
35584
12499
24500
16707
33788
6099
12921
3911
21825
33020
30081
34518
27211
5177
5588
19772
27660
24048
7348
21982
18969
8263
4255
36415
8021
32135
14851
38986
24607
6089
2872
4683
20873
26342
41261
16199
10956
13661
8447
22029
28453
1831
24597
23767
14132
36892
30387
10735
1971
4547
22785
38233
9460
19669
14936
17281
24590
31402
29254
30410
33254
21561
18782
8047
28086
21136
7573
4105
29439
23481
31699
23576
30772
23812
18337
40480
31187
12177
16529
13331
32377
13156
3210
4676
2999
34814
24370
9421
10327
1699
26160
19353
18721
5028
40764
4750
5122
86
26837
5492
33257
24442
4030
8810
15965
2786
26894
34831
14661
30406
38068
34458
4114
40197
8776
38165
23344
13177
5857
6588
1165
12997
25794
40003
6725
10532
28985
17966
11597
2525
4181
32346
37541
25837
4802
24542
1329
28634
37381
8972
7341
14840
1943
23192
3538
5256
38584
3058
18503
26684
12087
17954
36219
17911
38543
5079
41112
5939
26238
16491
8008
10106
7921
31104
29411
4337
8938
31307
34508
17639
2544
31644
30830
5954
21408
21279
21049
10870
25769
12887
34482
27042
11060
36608
1948
20659
6668
9735
6834
16259
11543
2187
22959
7933
13430
29538
25430
15802
23042
35983
27823
25073
32512
41275
6559
37378
25026
13067
36426
29447
8116
5360
38887
25799
6106
33617
10868
3152
28671
15400
26655
31751
8241
26475
1049
24665
13909
41329
18970
13193
21416
8254
17281
13343
14364
34126
36347
29275
32425
11106
38859
8750
29659
6988
19433
31185
22174
27781
26176
15152
35932
731
3487
29812
39688
2432
38575
23309
10183
36944
39866
652
10337
41431
23080
36078
28192
24923
777
32851
19616
10776
1923
37297
37331
26227
7456
1862
11917
35679
8513
2027
17253
30039
34830
10625
31966
1554
30103
8959
27917
24749
14876
8879
13536
7426
16226
8681
651
667
12651
26393
11409
2415
34648
6664
20024
13588
17650
17783
19754
37599
36729
22454
27297
2076
17758
17418
6430
28320
25408
18837
15763
5036
6174
35237
1409
23867
7107
6980
6624
8899
35275
31967
22915
32879
5971
32624
12844
34469
23062
37622
5347
1146
20700
5058
31864
9796
29799
5577
32999
38660
21262
8172
40222
6929
3391
712
20652
23707
28536
1026
813
7786
11711
24137
40103
11248
30483
25406
14821
21364
27225
26389
12898
7432
25495
16808
30237
33018
21446
26041
38789
28623
29399
23670
10694
35304
21605
30659
24010
10458
20288
37822
12354
17680
6713
23323
27448
25763
35010
31260
12669
11994
99
41471
19635
39226
6530
13815
31174
9618
36497
3066
9046
8343
9987
6587
3356
16755
36377
38479
1541
20598
24605
37837
12527
26590
5150
22824
10874
29753
30273
31963
41056
16883
14026
30765
21366
39292
32880
21503
22542
24791
12068
27552
31594
23416
25162
27073
6202
13044
38242
40719
33997
2714
18391
18432
31214
25064
28072
12384
26810
27793
24230
25747
7799
368
33203
39038
40836
22010
13422
39885
41411
18592
10457
35678
16798
29585
21282
32018
4558
23116
1302
9462
5213
11565
36617
28237
5754
8381
12601
901
37888
16385
15305
23951
18308
8450
11257
40128
29116
1636
27438
38975
41456
9141
22489
22698
36933
11859
10379
5898
32777
19764
22848
39868
35835
4342
31530
11675
991
7502
10457
7613
9269
8907
31537
30681
656
17421
1310
8
10711
8571
30143
724
36134
34863
30322
24829
12180
6462
18143
8834
23447
41381
6447
34635
38785
39654
26259
34406
18848
19436
16104
21913
18298
16958
12551
36097
17968
10809
6143
26158
12292
24348
34912
38781
29275
5575
36170
18390
536
19743
38521
10774
587
1471
1080
33390
36238
23272
13705
11087
40591
31644
15346
4265
27429
19243
7624
31213
28523
5612
28731
13051
39248
13748
25454
4204
40127
35033
8912
24377
8864
23219
12190
36890
8316
17478
13642
2382
32792
25141
32124
9703
23786
22185
31235
3305
22699
25404
3863
15991
7500
11532
7939
24134
15441
33476
35016
17562
25110
19934
39011
7421
35045
10257
32890
34199
28847
30062
26913
9724
10910
14697
37594
13956
21237
293
15336
41353
22864
4482
14268
15976
31459
27423
26428
41266
36854
25470
3835
4532
26708
24537
12274
1435
33825
37473
20339
21478
31281
21760
8278
30455
16540
36475
31722
19948
22252
28199
6698
25356
40375
4486
19209
8097
9476
12365
17419
13096
20049
19350
32700
41242
22103
31426
11117
19103
6358
666
16045
1160
27245
9325
32963
39312
35281
35173
27587
16467
24687
29058
39412
36405
24275
19098
9683
39987
37050
19406
22042
11289
18400
32463
25380
32148
11826
18130
40073
13772
32806
30406
22291
36884
12595
18814
40746
30134
28248
38733
8891
24241
5057
21695
26440
35981
15536
36384
19282
10736
25606
5353
18312
37976
4255
12874
36462
34183
13968
34548
15868
39312
28424
22349
25397
36242
4370
31726
16747
25913
25924
3843
6175
7871
26204
26350
27824
34302
33236
5250
13753
35954
25117
27389
28389
20612
4125
23134
36580
21293
26600
29785
32988
913
7459
14445
2698
30864
1663
31997
4875
23086
972
27774
5656
40482
27088
24522
12913
24307
24003
19936
1475
9601
16877
37987
5120
22898
13920
5404
377
6149
16939
39514
29311
33589
39272
957
26568
10244
16102
20764
38733
256
27349
17707
19036
24658
23641
37222
41363
32991
17831
36969
11781
8378
33198
11841
15582
31092
15236
40501
14463
7436
643
35298
25308
28672
14040
2386
34046
37002
32359
22856
32170
35478
18719
26574
39766
39424
13042
14081
4518
1283
30032
10546
25452
37663
38464
32696
18510
20972
10591
24491
21408
3613
32950
2648
7339
24219
30802
34719
731
11506
34800
30874
34624
38385
37850
31153
28526
34426
27863
19726
10466
8904
30202
11744
12599
25140
39281
36087
2286
28835
22880
12724
31897
25312
26789
9709
15465
20293
21060
25168
2738
6566
29906
22743
38670
2715
27532
35048
14865
18297
19425
21059
36337
21777
37766
18462
4453
25088
37320
15025
21292
19957
36860
14552
35735
22443
3245
11918
12701
16645
20288
17648
27854
29660
26720
22912
35141
19229
27415
12262
9748
29463
41242
13135
13029
5434
38066
553
6329
29531
6170
9281
21432
8052
36202
17278
14233
13781
21906
100
32327
19128
17178
10994
1376
27535
16348
7320
39312
15910
29132
15968
33580
5386
14641
5041
5850
35750
19618
27511
11060
31843
35151
31403
4179
8223
7726
31163
27849
40497
16836
3779
13280
10328
27346
3517
4712
29149
12251
12393
4210
17096
37011
24479
1751
28693
12974
28645
34331
14415
15120
1988
3256
13610
23636
32178
12263
27800
31221
29433
13032
40377
484
40350
10996
27032
27423
10458
12521
14317
1473
10300
29496
17087
30886
32725
38016
20431
35211
22563
28545
16558
35513
7939
18009
31108
33160
30750
4073
13986
28231
24365
6304
8033
24839
37000
23818
27068
7380
31515
7115
4887
28466
17720
30810
16940
21849
32388
13162
16776
24776
19520
28192
22720
27874
28806
5080
25967
17073
17494
13936
5570
34655
29321
11130
23574
35749
12744
37016
6872
4938
37987
26568
18550
7878
5538
30794
20755
7970
36496
10092
18428
15315
28484
10060
25814
32871
2728
40534
12147
6184
19457
2509
9317
17614
4996
15235
23817
4207
11777
1059
27689
4960
30603
29189
926
13572
7278
31583
29051
7532
178
27948
27056
26889
27935
36935
40906
10061
25203
31033
22361
4204
6686
21837
32067
8358
32544
36783
22893
12744
5240
25050
27
28880
800
2883
38765
35708
31216
16375
41502
27045
6308
1384
32947
14896
22505
31595
40585
38596
40321
3826
38151
26517
14322
2478
37660
6219
6479
11817
29671
4131
13169
3620
13726
10767
36794
38714
14687
11199
39866
38293
11057
28092
35510
37229
991
19727
27780
28729
27544
12076
2437
9058
4972
6495
23119
10391
33946
33523
5220
18416
7360
39273
25450
23892
10454
38787
23385
10749
8438
38677
2472
13904
19085
15736
26557
22654
9320
36182
11205
6207
16255
34486
19563
8803
1875
18375
23795
29859
22292
28654
9205
21333
1902
22511
11912
39950
1782
29774
41446
31638
16678
38699
26172
10902
11414
7541
21333
31028
35747
36708
39516
35803
33563
37560
1450
25937
701
6120
22158
24338
4041
12761
18029
30356
39200
22935
24848
27050
6711
39975
6458
7222
37094
34342
20564
31520
22715
7795
24232
38699
23292
39628
13694
5606
8264
30444
14984
27944
33270
5440
15569
13254
39272
30004
38744
4802
6519
31439
8416
28127
23639
14694
38830
24363
28342
11427
21466
15497
34240
17014
40017